author	age	change	start_year	bin	binlabel
Alle	36	0.04146891824231709	2004	3	30--39
Alle	37	0.05320384127626504	2005	3	30--39
Alle	38	-0.05417331948622128	2006	3	30--39
Alle	39	-0.007426491024008421	2007	3	30--39
Alle	40	0.0038604871827807932	2008	4	40--49
Alle	41	-0.015020494575364668	2009	4	40--49
Alle	42	-0.017060286342403717	2010	4	40--49
Alle	43	-0.0020802897460745103	2011	4	40--49
Alle	44	-0.002772365527290325	2012	4	40--49
Alle	45	0.004813311385916963	2013	4	40--49
Alle	46	-0.004813311385916963	2014	4	40--49
Alle	47	0.0	2015	4	40--49
Alle	48	0.0	2016	4	40--49
Alle	49	0.0	2017	4	40--49
Alle	50	0.0	2018	5	50--59
Alle	51	0.0	2019	5	50--59
Alle	52	0.0	2020	5	50--59
Alle	53	0.0	2021	5	50--59
Jeanette	36	0.0	2004	3	30--39
Jeanette	37	0.0	2005	3	30--39
Jeanette	38	0.0660780337370098	2006	3	30--39
Jeanette	39	-0.04875410806596805	2007	3	30--39
Jeanette	40	0.0035514947848161588	2008	4	40--49
Jeanette	41	-0.0023337006271306714	2009	4	40--49
Jeanette	42	-0.018541719828727234	2010	4	40--49
Jeanette	43	0.002772365527290325	2011	4	40--49
Jeanette	44	-0.002772365527290325	2012	4	40--49
Jeanette	45	0.0	2013	4	40--49
Jeanette	46	0.0	2014	4	40--49
Jeanette	47	0.0	2015	4	40--49
Jeanette	48	0.0	2016	4	40--49
Jeanette	49	0.0	2017	4	40--49
Jeanette	50	0.0	2018	5	50--59
Jeanette	51	0.0	2019	5	50--59
Jeanette	52	0.0	2020	5	50--59
Jeanette	53	0.0	2021	5	50--59
Anne69	36	0.0	2004	3	30--39
Anne69	37	0.03872976525760178	2005	3	30--39
Anne69	38	-0.019545819979115066	2006	3	30--39
Anne69	39	-0.0065847266086381685	2007	3	30--39
Anne69	40	-0.006176012375738421	2008	4	40--49
Anne69	41	0.008747291747575794	2009	4	40--49
Anne69	42	0.011519105961820679	2010	4	40--49
Anne69	43	0.001034051269396652	2011	4	40--49
Anne69	44	-0.00017922975557254153	2012	4	40--49
Anne69	45	-0.003477868587745892	2013	4	40--49
Anne69	46	-0.024066556929584815	2014	4	40--49
Anne69	47	0.0	2015	4	40--49
Anne69	48	0.0	2016	4	40--49
Anne69	49	0.0	2017	4	40--49
Anne69	50	0.0	2018	5	50--59
Anne69	51	0.0	2019	5	50--59
Anne69	52	0.0	2020	5	50--59
Anne69	53	0.0	2021	5	50--59
Jossebell	37	-0.5222106226829853	2004	3	30--39
Jossebell	38	-0.036383533858407785	2005	3	30--39
Jossebell	39	0.008284948101130753	2006	3	30--39
Jossebell	40	-0.018355768268887927	2007	4	40--49
Jossebell	41	-0.014143221763783149	2008	4	40--49
Jossebell	42	0.0051366420005551	2009	4	40--49
Jossebell	43	0.00296286697264704	2010	4	40--49
Jossebell	44	-0.00970531054672967	2011	4	40--49
Jossebell	45	0.0	2012	4	40--49
Jossebell	46	0.0	2013	4	40--49
Jossebell	47	0.0	2014	4	40--49
Jossebell	48	0.0	2015	4	40--49
Jossebell	49	0.0	2016	4	40--49
Jossebell	50	0.0	2017	5	50--59
Jossebell	51	0.0	2018	5	50--59
Jossebell	52	0.0	2019	5	50--59
Jossebell	53	0.0	2020	5	50--59
Jossebell	54	0.0	2021	5	50--59
Emeli	52	0.0	2004	5	50--59
Emeli	53	0.0	2005	5	50--59
Emeli	54	0.0	2006	5	50--59
Emeli	55	0.0	2007	5	50--59
Emeli	56	0.003211603147055062	2008	5	50--59
Emeli	57	0.03724305829744073	2009	5	50--59
Emeli	58	0.015350874199199824	2010	5	50--59
Emeli	59	-0.005902956152469767	2011	5	50--59
Emeli	60	-0.02235815397389514	2012	6	60+
Emeli	61	0.0639084908150916	2013	6	60+
Emeli	62	-0.026479746930534412	2014	6	60+
Emeli	63	-0.03118324559321023	2015	6	60+
Emeli	64	-0.033789923808677666	2016	6	60+
Emeli	65	0.0	2017	6	60+
Emeli	66	0.0	2018	6	60+
Emeli	67	0.0	2019	6	60+
Emeli	68	0.0	2020	6	60+
Emeli	69	0.0	2021	6	60+
AW76	29	0.0	2004	2	20--29
AW76	30	0.004303307250844642	2005	3	30--39
AW76	31	0.023406835929191724	2006	3	30--39
AW76	32	0.00536280582831606	2007	3	30--39
AW76	33	0.03437071707980389	2008	3	30--39
AW76	34	-0.020246561069577895	2009	3	30--39
AW76	35	-0.030212811561801493	2010	3	30--39
AW76	36	0.0051946307615456724	2011	3	30--39
AW76	37	0.0019224481093417685	2012	3	30--39
AW76	38	-0.024101372327664367	2013	3	30--39
AW76	39	0.0	2014	3	30--39
AW76	40	0.0	2015	4	40--49
AW76	41	0.0	2016	4	40--49
AW76	42	0.0	2017	4	40--49
AW76	43	0.0	2018	4	40--49
AW76	44	0.0	2019	4	40--49
AW76	45	0.0	2020	4	40--49
AW76	46	0.0	2021	4	40--49
Impertiff	32	0.0	2004	3	30--39
Impertiff	33	0.008606614501689284	2005	3	30--39
Impertiff	34	0.02549817710450932	2006	3	30--39
Impertiff	35	-0.019930670602618994	2007	3	30--39
Impertiff	36	0.10465519543745769	2008	3	30--39
Impertiff	37	0.24694824745294539	2009	3	30--39
Impertiff	38	-0.36335123625730026	2010	3	30--39
Impertiff	39	-0.0024263276366824175	2011	3	30--39
Impertiff	40	0.0	2012	4	40--49
Impertiff	41	0.0	2013	4	40--49
Impertiff	42	0.0	2014	4	40--49
Impertiff	43	0.0	2015	4	40--49
Impertiff	44	0.0	2016	4	40--49
Impertiff	45	0.0	2017	4	40--49
Impertiff	46	0.0	2018	4	40--49
Impertiff	47	0.0	2019	4	40--49
Impertiff	48	0.0	2020	4	40--49
Impertiff	49	0.0	2021	4	40--49
Nickis	32	0.010367229560579273	2004	3	30--39
Nickis	33	0.024059228446177864	2005	3	30--39
Nickis	34	-0.02163716115443266	2006	3	30--39
Nickis	35	0.0013848241512551367	2007	3	30--39
Nickis	36	-0.01096251785652455	2008	3	30--39
Nickis	37	0.003530840427027568	2009	3	30--39
Nickis	38	-0.004316115937400213	2010	3	30--39
Nickis	39	0.008663134472478882	2011	3	30--39
Nickis	40	0.006125803839170392	2012	4	40--49
Nickis	41	-0.012401954562414729	2013	4	40--49
Nickis	42	-0.004813311385916963	2014	4	40--49
Nickis	43	0.0	2015	4	40--49
Nickis	44	0.0	2016	4	40--49
Nickis	45	0.0	2017	4	40--49
Nickis	46	0.0	2018	4	40--49
Nickis	47	0.0	2019	4	40--49
Nickis	48	0.0	2020	4	40--49
Nickis	49	0.0	2021	4	40--49
Happy me	30	0.0	2004	3	30--39
Happy me	31	0.0	2005	3	30--39
Happy me	32	0.0	2006	3	30--39
Happy me	33	0.0	2007	3	30--39
Happy me	34	0.0	2008	3	30--39
Happy me	35	0.0	2009	3	30--39
Happy me	36	0.0	2010	3	30--39
Happy me	37	0.0	2011	3	30--39
Happy me	38	0.0	2012	3	30--39
Happy me	39	0.0	2013	3	30--39
Happy me	40	0.0	2014	4	40--49
Happy me	41	0.0	2015	4	40--49
Happy me	42	0.0	2016	4	40--49
Happy me	43	0.0	2017	4	40--49
Happy me	44	0.0	2018	4	40--49
Happy me	45	0.0	2019	4	40--49
Happy me	46	0.0	2020	4	40--49
Happy me	47	0.0	2021	4	40--49
Tyrell	33	0.0	2004	3	30--39
Tyrell	34	0.0	2005	3	30--39
Tyrell	35	0.06394648426162239	2006	3	30--39
Tyrell	36	-0.005675097913572867	2007	3	30--39
Tyrell	37	0.16814663551933237	2008	3	30--39
Tyrell	38	-0.12022453557558045	2009	3	30--39
Tyrell	39	-0.06737224410488275	2010	3	30--39
Tyrell	40	-0.03327651113233803	2011	4	40--49
Tyrell	41	-0.00554473105458065	2012	4	40--49
Tyrell	42	0.0	2013	4	40--49
Tyrell	43	0.0	2014	4	40--49
Tyrell	44	0.0	2015	4	40--49
Tyrell	45	0.0	2016	4	40--49
Tyrell	46	0.0	2017	4	40--49
Tyrell	47	0.0	2018	4	40--49
Tyrell	48	0.0	2019	4	40--49
Tyrell	49	0.0	2020	4	40--49
Tyrell	50	0.0	2021	5	50--59
Lindadjo	28	0.0	2004	2	20--29
Lindadjo	29	0.0	2005	2	20--29
Lindadjo	30	0.0	2006	3	30--39
Lindadjo	31	0.017323925671041747	2007	3	30--39
Lindadjo	32	0.019609510520091473	2008	3	30--39
Lindadjo	33	-0.025134159936488615	2009	3	30--39
Lindadjo	34	-0.004520293344597351	2010	3	30--39
Lindadjo	35	0.03153413447201729	2011	3	30--39
Lindadjo	36	-0.03881311738206455	2012	3	30--39
Lindadjo	37	0.0	2013	3	30--39
Lindadjo	38	0.0	2014	3	30--39
Lindadjo	39	0.0	2015	3	30--39
Lindadjo	40	0.0	2016	4	40--49
Lindadjo	41	0.0	2017	4	40--49
Lindadjo	42	0.0	2018	4	40--49
Lindadjo	43	0.0	2019	4	40--49
Lindadjo	44	0.0	2020	4	40--49
Lindadjo	45	0.0	2021	4	40--49
mossan	36	0.0	2004	3	30--39
mossan	37	0.06454960876266963	2005	3	30--39
mossan	38	-0.0006031245010472419	2006	3	30--39
mossan	39	-0.06394648426162239	2007	3	30--39
mossan	40	0.0	2008	4	40--49
mossan	41	0.0	2009	4	40--49
mossan	42	0.0024263276366824175	2010	4	40--49
mossan	43	-0.0024263276366824175	2011	4	40--49
mossan	44	0.0	2012	4	40--49
mossan	45	0.0	2013	4	40--49
mossan	46	0.0	2014	4	40--49
mossan	47	0.0	2015	4	40--49
mossan	48	0.0	2016	4	40--49
mossan	49	0.0	2017	4	40--49
mossan	50	0.0	2018	5	50--59
mossan	51	0.0	2019	5	50--59
mossan	52	0.0	2020	5	50--59
mossan	53	0.0	2021	5	50--59
nnnnnnnn	36	0.0	2004	3	30--39
nnnnnnnn	37	0.0	2005	3	30--39
nnnnnnnn	38	0.0	2006	3	30--39
nnnnnnnn	39	0.0	2007	3	30--39
nnnnnnnn	40	0.0	2008	4	40--49
nnnnnnnn	41	0.0	2009	4	40--49
nnnnnnnn	42	0.0	2010	4	40--49
nnnnnnnn	43	0.0	2011	4	40--49
nnnnnnnn	44	0.0	2012	4	40--49
nnnnnnnn	45	0.0	2013	4	40--49
nnnnnnnn	46	0.0	2014	4	40--49
nnnnnnnn	47	0.0	2015	4	40--49
nnnnnnnn	48	0.5004922967353763	2016	4	40--49
nnnnnnnn	49	-0.14299820745327502	2017	4	40--49
nnnnnnnn	50	-0.21595933595417696	2018	5	50--59
nnnnnnnn	51	0.1644634340699556	2019	5	50--59
nnnnnnnn	52	-0.21005124068638237	2020	5	50--59
nnnnnnnn	53	0.17435381375020464	2021	5	50--59
Dohgon	18	0.0	2004	1	<20
Dohgon	19	0.0	2005	1	<20
Dohgon	20	0.0	2006	2	20--29
Dohgon	21	0.0	2007	2	20--29
Dohgon	22	0.0	2008	2	20--29
Dohgon	23	0.0	2009	2	20--29
Dohgon	24	0.2887329887652077	2010	2	20--29
Dohgon	25	0.03563377792776029	2011	2	20--29
Dohgon	26	-0.17631547953731544	2012	2	20--29
Dohgon	27	-0.022905191121811525	2013	2	20--29
Dohgon	28	0.004800242769934765	2014	2	20--29
Dohgon	29	-0.1299463388037758	2015	2	20--29
Dohgon	30	0.0	2016	3	30--39
Dohgon	31	0.0	2017	3	30--39
Dohgon	32	0.0	2018	3	30--39
Dohgon	33	0.0	2019	3	30--39
Dohgon	34	0.0	2020	3	30--39
Dohgon	35	0.0	2021	3	30--39
Ett två tre	20	0.0	2004	2	20--29
Ett två tre	21	0.0	2005	2	20--29
Ett två tre	22	0.0	2006	2	20--29
Ett två tre	23	0.0	2007	2	20--29
Ett två tre	24	0.0	2008	2	20--29
Ett två tre	25	0.0	2009	2	20--29
Ett två tre	26	0.0	2010	2	20--29
Ett två tre	27	0.0	2011	2	20--29
Ett två tre	28	0.0	2012	2	20--29
Ett två tre	29	0.0	2013	2	20--29
Ett två tre	30	0.0	2014	3	30--39
Ett två tre	31	0.0	2015	3	30--39
Ett två tre	32	0.0	2016	3	30--39
Ett två tre	33	0.0	2017	3	30--39
Ett två tre	34	0.0	2018	3	30--39
Ett två tre	35	0.0	2019	3	30--39
Ett två tre	36	0.0	2020	3	30--39
Ett två tre	37	0.0	2021	3	30--39
Snakeheart	25	0.0	2004	2	20--29
Snakeheart	26	0.004303307250844642	2005	2	20--29
Snakeheart	27	0.07669557281387705	2006	2	20--29
Snakeheart	28	-0.002253763378168294	2007	2	20--29
Snakeheart	29	-0.06268710095127808	2008	2	20--29
Snakeheart	30	-0.014372404841754657	2009	3	30--39
Snakeheart	31	-0.0016856108935206576	2010	3	30--39
Snakeheart	32	0.0	2011	3	30--39
Snakeheart	33	0.0	2012	3	30--39
Snakeheart	34	0.0	2013	3	30--39
Snakeheart	35	0.0	2014	3	30--39
Snakeheart	36	0.0	2015	3	30--39
Snakeheart	37	0.0	2016	3	30--39
Snakeheart	38	0.0	2017	3	30--39
Snakeheart	39	0.0	2018	3	30--39
Snakeheart	40	0.0	2019	4	40--49
Snakeheart	41	0.0	2020	4	40--49
Snakeheart	42	0.0	2021	4	40--49
Gladabarnensmamma	23	0.0	2004	2	20--29
Gladabarnensmamma	24	0.0	2005	2	20--29
Gladabarnensmamma	25	0.1172352211463077	2006	2	20--29
Gladabarnensmamma	26	0.3316119439670467	2007	2	20--29
Gladabarnensmamma	27	0.24325331307701153	2008	2	20--29
Gladabarnensmamma	28	0.06979564568097141	2009	2	20--29
Gladabarnensmamma	29	0.11158182533433314	2010	2	20--29
Gladabarnensmamma	30	-0.03899592549128261	2011	3	30--39
Gladabarnensmamma	31	-0.7931653854383918	2012	3	30--39
Gladabarnensmamma	32	-0.017250081346411247	2013	3	30--39
Gladabarnensmamma	33	0.09866054082953678	2014	3	30--39
Gladabarnensmamma	34	-0.12272709775912159	2015	3	30--39
Gladabarnensmamma	35	0.0	2016	3	30--39
Gladabarnensmamma	36	0.0	2017	3	30--39
Gladabarnensmamma	37	0.0	2018	3	30--39
Gladabarnensmamma	38	0.0	2019	3	30--39
Gladabarnensmamma	39	0.0	2020	3	30--39
Gladabarnensmamma	40	0.0	2021	4	40--49
copycat	19	0.0	2004	1	<20
copycat	20	0.047336379759291065	2005	2	20--29
copycat	21	-0.02175778605464211	2006	2	20--29
copycat	22	0.0043445506362413365	2007	2	20--29
copycat	23	-0.02992314434089029	2008	2	20--29
copycat	24	0.0	2009	2	20--29
copycat	25	0.0	2010	2	20--29
copycat	26	0.0	2011	2	20--29
copycat	27	0.0	2012	2	20--29
copycat	28	0.004813311385916963	2013	2	20--29
copycat	29	-0.004813311385916963	2014	2	20--29
copycat	30	0.011263307936225889	2015	3	30--39
copycat	31	0.3797462988882869	2016	3	30--39
copycat	32	-0.3747598754935082	2017	3	30--39
copycat	33	-0.01624973133100461	2018	3	30--39
copycat	34	0.0	2019	3	30--39
copycat	35	0.0	2020	3	30--39
copycat	36	0.0	2021	3	30--39
modestyclara	27	0.0	2004	2	20--29
modestyclara	28	0.0	2005	2	20--29
modestyclara	29	0.010657747376937064	2006	2	20--29
modestyclara	30	-0.007507942709474927	2007	3	30--39
modestyclara	31	0.028966226803088493	2008	3	30--39
modestyclara	32	0.2645514857890851	2009	3	30--39
modestyclara	33	-0.27725689616617644	2010	3	30--39
modestyclara	34	-0.01386589003887869	2011	3	30--39
modestyclara	35	-0.00554473105458065	2012	3	30--39
modestyclara	36	0.0	2013	3	30--39
modestyclara	37	0.0	2014	3	30--39
modestyclara	38	0.0	2015	3	30--39
modestyclara	39	0.0	2016	3	30--39
modestyclara	40	0.0	2017	4	40--49
modestyclara	41	0.0	2018	4	40--49
modestyclara	42	0.0	2019	4	40--49
modestyclara	43	0.0	2020	4	40--49
modestyclara	44	0.0	2021	4	40--49
hotten	31	0.0	2004	3	30--39
hotten	32	0.0	2005	3	30--39
hotten	33	0.0	2006	3	30--39
hotten	34	0.026773339673428157	2007	3	30--39
hotten	35	-0.013926927085207909	2008	3	30--39
hotten	36	0.027608248856275542	2009	3	30--39
hotten	37	-0.033175678534448534	2010	3	30--39
hotten	38	-0.0072789829100472535	2011	3	30--39
hotten	39	0.0034430531896663384	2012	3	30--39
hotten	40	-0.0034430531896663384	2013	4	40--49
hotten	41	0.0	2014	4	40--49
hotten	42	0.0	2015	4	40--49
hotten	43	0.0	2016	4	40--49
hotten	44	0.0	2017	4	40--49
hotten	45	0.0	2018	4	40--49
hotten	46	0.0	2019	4	40--49
hotten	47	0.0	2020	4	40--49
hotten	48	0.0	2021	4	40--49
Anne M	47	0.0	2004	4	40--49
Anne M	48	0.0	2005	4	40--49
Anne M	49	0.0	2006	4	40--49
Anne M	50	0.0	2007	5	50--59
Anne M	51	0.0	2008	5	50--59
Anne M	52	0.0	2009	5	50--59
Anne M	53	0.0	2010	5	50--59
Anne M	54	0.0	2011	5	50--59
Anne M	55	0.0	2012	5	50--59
Anne M	56	0.0	2013	5	50--59
Anne M	57	0.0	2014	5	50--59
Anne M	58	0.0	2015	5	50--59
Anne M	59	0.0	2016	5	50--59
Anne M	60	0.0	2017	6	60+
Anne M	61	0.0	2018	6	60+
Anne M	62	0.0	2019	6	60+
Anne M	63	0.0	2020	6	60+
Anne M	64	0.0	2021	6	60+
bubbelmaja	28	0.05183614780289636	2004	2	20--29
bubbelmaja	29	-0.021712997046983862	2005	2	20--29
bubbelmaja	30	-0.00880765600203837	2006	3	30--39
bubbelmaja	31	0.00545784491955403	2007	3	30--39
bubbelmaja	32	-0.017138530232262972	2008	3	30--39
bubbelmaja	33	0.0038500777070000734	2009	3	30--39
bubbelmaja	34	0.013204716855341336	2010	3	30--39
bubbelmaja	35	-0.021144872948925947	2011	3	30--39
bubbelmaja	36	-0.0021016778649143113	2012	3	30--39
bubbelmaja	37	-0.0034430531896663384	2013	3	30--39
bubbelmaja	38	0.0	2014	3	30--39
bubbelmaja	39	0.0	2015	3	30--39
bubbelmaja	40	0.0	2016	4	40--49
bubbelmaja	41	0.0	2017	4	40--49
bubbelmaja	42	0.0	2018	4	40--49
bubbelmaja	43	0.0	2019	4	40--49
bubbelmaja	44	0.0	2020	4	40--49
bubbelmaja	45	0.0	2021	4	40--49
vist	36	0.2799151981356404	2004	3	30--39
vist	37	0.19344859945727028	2005	3	30--39
vist	38	0.3622035967589551	2006	3	30--39
vist	39	0.315686211605545	2007	3	30--39
vist	40	-0.24558151848788323	2008	4	40--49
vist	41	-0.558436243404272	2009	4	40--49
vist	42	0.1453086661812753	2010	4	40--49
vist	43	-0.29847892333620807	2011	4	40--49
vist	44	-0.18717948053099007	2012	4	40--49
vist	45	-0.006886106379332677	2013	4	40--49
vist	46	0.0	2014	4	40--49
vist	47	0.0	2015	4	40--49
vist	48	0.0	2016	4	40--49
vist	49	0.0	2017	4	40--49
vist	50	0.0	2018	5	50--59
vist	51	0.0	2019	5	50--59
vist	52	0.0	2020	5	50--59
vist	53	0.0	2021	5	50--59
Tecum	49	0.0	2004	4	40--49
Tecum	50	0.0	2005	5	50--59
Tecum	51	0.0	2006	5	50--59
Tecum	52	0.0	2007	5	50--59
Tecum	53	0.0	2008	5	50--59
Tecum	54	0.0	2009	5	50--59
Tecum	55	0.0	2010	5	50--59
Tecum	56	0.0	2011	5	50--59
Tecum	57	0.0	2012	5	50--59
Tecum	58	0.0	2013	5	50--59
Tecum	59	0.08663089253585053	2014	5	50--59
Tecum	60	-0.0190510449184952	2015	6	60+
Tecum	61	0.15138553220437181	2016	6	60+
Tecum	62	-0.023968603849671893	2017	6	60+
Tecum	63	0.08807273068379343	2018	6	60+
Tecum	64	-0.0426423594146573	2019	6	60+
Tecum	65	0.26329432299417077	2020	6	60+
Tecum	66	-0.13512952415122276	2021	6	60+
fruganL	16	0.0	2004	1	<20
fruganL	17	0.0	2005	1	<20
fruganL	18	0.0	2006	1	<20
fruganL	19	0.0	2007	1	<20
fruganL	20	0.0048174047205825936	2008	2	20--29
fruganL	21	0.0592358092332024	2009	2	20--29
fruganL	22	-0.04706892049700807	2010	2	20--29
fruganL	23	-0.016984293456776926	2011	2	20--29
fruganL	24	0.0	2012	2	20--29
fruganL	25	0.0	2013	2	20--29
fruganL	26	0.0	2014	2	20--29
fruganL	27	0.0	2015	2	20--29
fruganL	28	0.0	2016	2	20--29
fruganL	29	0.0	2017	2	20--29
fruganL	30	0.0	2018	3	30--39
fruganL	31	0.0	2019	3	30--39
fruganL	32	0.0	2020	3	30--39
fruganL	33	0.0	2021	3	30--39
yodi	26	0.0	2004	2	20--29
yodi	27	0.09036945226773749	2005	2	20--29
yodi	28	-0.04134381433382699	2006	2	20--29
yodi	29	0.18563480979201866	2007	2	20--29
yodi	30	1.1688101275371332	2008	3	30--39
yodi	31	-0.15443290316425506	2009	3	30--39
yodi	32	-0.3852650334398665	2010	3	30--39
yodi	33	0.01783959901938259	2011	3	30--39
yodi	34	1.5595124737951105	2012	3	30--39
yodi	35	2.1989074645505187	2013	3	30--39
yodi	36	-0.8427113865358375	2014	3	30--39
yodi	37	0.5841059977037562	2015	3	30--39
yodi	38	-3.317880656629196	2016	3	30--39
yodi	39	-0.9985472052386564	2017	3	30--39
yodi	40	-0.06499892532401844	2018	4	40--49
yodi	41	0.0	2019	4	40--49
yodi	42	0.09594694671149756	2020	4	40--49
yodi	43	-0.09594694671149756	2021	4	40--49
Pochahontas	32	0.010367229560579273	2004	3	30--39
Pochahontas	33	-0.010367229560579273	2005	3	30--39
Pochahontas	34	0.5094403246175916	2006	3	30--39
Pochahontas	35	1.1221584931277948	2007	3	30--39
Pochahontas	36	-0.35498656679099905	2008	3	30--39
Pochahontas	37	-0.7658721502176281	2009	3	30--39
Pochahontas	38	-0.3942763741760032	2010	3	30--39
Pochahontas	39	-0.06378878154223988	2011	3	30--39
Pochahontas	40	-0.042345785449517157	2012	4	40--49
Pochahontas	41	-0.010329159568999016	2013	4	40--49
Pochahontas	42	0.0	2014	4	40--49
Pochahontas	43	0.0	2015	4	40--49
Pochahontas	44	0.0	2016	4	40--49
Pochahontas	45	0.0	2017	4	40--49
Pochahontas	46	0.0	2018	4	40--49
Pochahontas	47	0.0	2019	4	40--49
Pochahontas	48	0.0	2020	4	40--49
Pochahontas	49	0.0	2021	4	40--49
kicki08	28	0.0	2004	2	20--29
kicki08	29	0.0	2005	2	20--29
kicki08	30	0.0	2006	3	30--39
kicki08	31	0.0	2007	3	30--39
kicki08	32	0.5540015428669982	2008	3	30--39
kicki08	33	0.8737108839449987	2009	3	30--39
kicki08	34	0.8214932923926042	2010	3	30--39
kicki08	35	-2.1909860431315042	2011	3	30--39
kicki08	36	-0.054776622883430486	2012	3	30--39
kicki08	37	-0.0034430531896663384	2013	3	30--39
kicki08	38	0.0	2014	3	30--39
kicki08	39	0.011263307936225889	2015	3	30--39
kicki08	40	-0.011263307936225889	2016	4	40--49
kicki08	41	0.0	2017	4	40--49
kicki08	42	0.0	2018	4	40--49
kicki08	43	0.0	2019	4	40--49
kicki08	44	0.0	2020	4	40--49
kicki08	45	0.0	2021	4	40--49
LHUF	26	0.0	2004	2	20--29
LHUF	27	0.0	2005	2	20--29
LHUF	28	0.0	2006	2	20--29
LHUF	29	0.13386667475452368	2007	2	20--29
LHUF	30	2.3053440314104803	2008	3	30--39
LHUF	31	-1.331764474192402	2009	3	30--39
LHUF	32	-0.34790822608489136	2010	3	30--39
LHUF	33	-0.3575448628926781	2011	3	30--39
LHUF	34	-0.11966215056206775	2012	3	30--39
LHUF	35	-0.2245713080688463	2013	3	30--39
LHUF	36	0.21655160480870672	2014	3	30--39
LHUF	37	-0.18420482568301805	2015	3	30--39
LHUF	38	0.22269481790689816	2016	3	30--39
LHUF	39	-0.10155772617352068	2017	3	30--39
LHUF	40	-0.0874006460612508	2018	4	40--49
LHUF	41	-0.036414855619682385	2019	4	40--49
LHUF	42	-0.03945458018650262	2020	4	40--49
LHUF	43	0.07488268363338688	2021	4	40--49
MalinI	27	-1.5562646384883765	2004	2	20--29
MalinI	28	-0.1410344097602149	2005	2	20--29
MalinI	29	-0.015443533181079584	2006	2	20--29
MalinI	30	0.0161970553039689	2007	3	30--39
MalinI	31	0.4860640386155304	2008	3	30--39
MalinI	32	-0.36408577809481857	2009	3	30--39
MalinI	33	-0.14227514958769702	2010	3	30--39
MalinI	34	-0.03085485193986736	2011	3	30--39
MalinI	35	-0.005544733006828033	2012	3	30--39
MalinI	36	0.0	2013	3	30--39
MalinI	37	0.0	2014	3	30--39
MalinI	38	0.0	2015	3	30--39
MalinI	39	0.0	2016	3	30--39
MalinI	40	0.0	2017	4	40--49
MalinI	41	0.0	2018	4	40--49
MalinI	42	0.0	2019	4	40--49
MalinI	43	0.0	2020	4	40--49
MalinI	44	0.0	2021	4	40--49
Sommartider	16	0.0	2004	1	<20
Sommartider	17	0.0	2005	1	<20
Sommartider	18	0.4028626387439744	2006	1	<20
Sommartider	19	-0.37608930379306965	2007	1	<20
Sommartider	20	-0.01874433328479215	2008	2	20--29
Sommartider	21	-0.008029001666112588	2009	2	20--29
Sommartider	22	0.0	2010	2	20--29
Sommartider	23	0.0	2011	2	20--29
Sommartider	24	0.0	2012	2	20--29
Sommartider	25	0.0	2013	2	20--29
Sommartider	26	0.0	2014	2	20--29
Sommartider	27	0.0	2015	2	20--29
Sommartider	28	0.0	2016	2	20--29
Sommartider	29	0.0	2017	2	20--29
Sommartider	30	0.0	2018	3	30--39
Sommartider	31	0.0	2019	3	30--39
Sommartider	32	0.0	2020	3	30--39
Sommartider	33	0.0	2021	3	30--39
Solaris	36	0.04146891824231709	2004	3	30--39
Solaris	37	0.027383945623272204	2005	3	30--39
Solaris	38	-0.039011186921591195	2006	3	30--39
Solaris	39	0.01268067856626236	2007	3	30--39
Solaris	40	-0.029675952844480324	2008	4	40--49
Solaris	41	0.04277875053832317	2009	4	40--49
Solaris	42	0.03901376765730471	2010	4	40--49
Solaris	43	-0.05028105680678375	2011	4	40--49
Solaris	44	-0.04435786405462427	2012	4	40--49
Solaris	45	0.0	2013	4	40--49
Solaris	46	0.0	2014	4	40--49
Solaris	47	0.0	2015	4	40--49
Solaris	48	0.0	2016	4	40--49
Solaris	49	0.0	2017	4	40--49
Solaris	50	0.0	2018	5	50--59
Solaris	51	0.0	2019	5	50--59
Solaris	52	0.0	2020	5	50--59
Solaris	53	0.0	2021	5	50--59
Ruggugglan	18	0.0	2004	1	<20
Ruggugglan	19	0.0	2005	1	<20
Ruggugglan	20	0.019183935178284494	2006	2	20--29
Ruggugglan	21	0.029638028555718256	2007	2	20--29
Ruggugglan	22	-0.019917557735997436	2008	2	20--29
Ruggugglan	23	0.030091968612407278	2009	2	20--29
Ruggugglan	24	-0.027450067656609914	2010	2	20--29
Ruggugglan	25	0.1431127827612804	2011	2	20--29
Ruggugglan	26	0.03881068505130489	2012	2	20--29
Ruggugglan	27	-0.030564107613346242	2013	2	20--29
Ruggugglan	28	-0.1829056671530417	2014	2	20--29
Ruggugglan	29	0.0	2015	2	20--29
Ruggugglan	30	0.0	2016	3	30--39
Ruggugglan	31	0.0	2017	3	30--39
Ruggugglan	32	0.0	2018	3	30--39
Ruggugglan	33	0.0	2019	3	30--39
Ruggugglan	34	0.0	2020	3	30--39
Ruggugglan	35	0.0	2021	3	30--39
Fjäril kär	28	0.0	2004	2	20--29
Fjäril kär	29	0.0	2005	2	20--29
Fjäril kär	30	0.0	2006	3	30--39
Fjäril kär	31	0.0	2007	3	30--39
Fjäril kär	32	0.0	2008	3	30--39
Fjäril kär	33	0.0	2009	3	30--39
Fjäril kär	34	0.0	2010	3	30--39
Fjäril kär	35	0.0	2011	3	30--39
Fjäril kär	36	0.0	2012	3	30--39
Fjäril kär	37	0.0	2013	3	30--39
Fjäril kär	38	0.0	2014	3	30--39
Fjäril kär	39	0.0	2015	3	30--39
Fjäril kär	40	0.0	2016	4	40--49
Fjäril kär	41	0.0	2017	4	40--49
Fjäril kär	42	0.0	2018	4	40--49
Fjäril kär	43	0.0	2019	4	40--49
Fjäril kär	44	0.0	2020	4	40--49
Fjäril kär	45	0.0	2021	4	40--49
Gustie	33	0.0	2004	3	30--39
Gustie	34	0.021516519957996656	2005	3	30--39
Gustie	35	-0.00020103642656944115	2006	3	30--39
Gustie	36	-0.010291169139878206	2007	3	30--39
Gustie	37	-0.004601113058658938	2008	3	30--39
Gustie	38	0.012118516401811028	2009	3	30--39
Gustie	39	-0.0064085227524693	2010	3	30--39
Gustie	40	-0.00936082847881778	2011	4	40--49
Gustie	41	-0.0027723665034140167	2012	4	40--49
Gustie	42	0.0	2013	4	40--49
Gustie	43	0.0	2014	4	40--49
Gustie	44	0.0	2015	4	40--49
Gustie	45	0.0	2016	4	40--49
Gustie	46	0.0	2017	4	40--49
Gustie	47	0.0	2018	4	40--49
Gustie	48	0.0	2019	4	40--49
Gustie	49	0.0	2020	4	40--49
Gustie	50	0.0	2021	5	50--59
hymafr	41	0.0	2004	4	40--49
hymafr	42	0.0	2005	4	40--49
hymafr	43	0.0	2006	4	40--49
hymafr	44	0.0015749020559355726	2007	4	40--49
hymafr	45	0.012877300943067084	2008	4	40--49
hymafr	46	0.009146346845162379	2009	4	40--49
hymafr	47	-0.006612076869040518	2010	4	40--49
hymafr	48	0.013509558562429667	2011	4	40--49
hymafr	49	0.017706820829049553	2012	4	40--49
hymafr	50	-0.01932301018454452	2013	5	50--59
hymafr	51	-0.014442405909805264	2014	5	50--59
hymafr	52	-0.014437436272253953	2015	5	50--59
hymafr	53	0.0	2016	5	50--59
hymafr	54	0.0	2017	5	50--59
hymafr	55	0.0	2018	5	50--59
hymafr	56	0.0	2019	5	50--59
hymafr	57	0.0	2020	5	50--59
hymafr	58	0.0	2021	5	50--59
PumpkinQueen	24	0.0	2004	2	20--29
PumpkinQueen	25	0.0	2005	2	20--29
PumpkinQueen	26	0.0	2006	2	20--29
PumpkinQueen	27	0.0	2007	2	20--29
PumpkinQueen	28	0.0	2008	2	20--29
PumpkinQueen	29	0.0	2009	2	20--29
PumpkinQueen	30	0.0	2010	3	30--39
PumpkinQueen	31	0.033268398040968206	2011	3	30--39
PumpkinQueen	32	0.0837956719922123	2012	3	30--39
PumpkinQueen	33	-0.030424543487002853	2013	3	30--39
PumpkinQueen	34	-0.07942080841005067	2014	3	30--39
PumpkinQueen	35	-0.007218718136126977	2015	3	30--39
PumpkinQueen	36	0.0	2016	3	30--39
PumpkinQueen	37	0.0	2017	3	30--39
PumpkinQueen	38	0.0	2018	3	30--39
PumpkinQueen	39	0.0	2019	3	30--39
PumpkinQueen	40	0.0	2020	4	40--49
PumpkinQueen	41	0.0	2021	4	40--49
Tilcha	21	0.0	2004	2	20--29
Tilcha	22	0.0	2005	2	20--29
Tilcha	23	0.0	2006	2	20--29
Tilcha	24	0.014174118503420154	2007	2	20--29
Tilcha	25	0.019547688494252716	2008	2	20--29
Tilcha	26	-0.010123257153507832	2009	2	20--29
Tilcha	27	0.005521118113191278	2010	2	20--29
Tilcha	28	-0.02357493495052828	2011	2	20--29
Tilcha	29	-0.005544733006828033	2012	2	20--29
Tilcha	30	0.0	2013	3	30--39
Tilcha	31	0.0	2014	3	30--39
Tilcha	32	0.0	2015	3	30--39
Tilcha	33	0.0	2016	3	30--39
Tilcha	34	0.0	2017	3	30--39
Tilcha	35	0.0	2018	3	30--39
Tilcha	36	0.0	2019	3	30--39
Tilcha	37	0.0	2020	3	30--39
Tilcha	38	0.0	2021	3	30--39
Lorelei	28	0.010367229560579273	2004	2	20--29
Lorelei	29	0.019755898380616047	2005	2	20--29
Lorelei	30	-0.021596934528624434	2006	3	30--39
Lorelei	31	0.004073023034913694	2007	3	30--39
Lorelei	32	0.009881988217630668	2008	3	30--39
Lorelei	33	0.04157200205476129	2009	3	30--39
Lorelei	34	-0.06162656772343018	2010	3	30--39
Lorelei	35	-0.0024266389964463595	2011	3	30--39
Lorelei	36	0.0	2012	3	30--39
Lorelei	37	0.0	2013	3	30--39
Lorelei	38	0.0	2014	3	30--39
Lorelei	39	0.0	2015	3	30--39
Lorelei	40	0.0	2016	4	40--49
Lorelei	41	0.0	2017	4	40--49
Lorelei	42	0.0	2018	4	40--49
Lorelei	43	0.0	2019	4	40--49
Lorelei	44	0.0	2020	4	40--49
Lorelei	45	0.0	2021	4	40--49
CoolJen	26	0.7879094466040247	2004	2	20--29
CoolJen	27	-0.1940534957633171	2005	2	20--29
CoolJen	28	0.04774010345525159	2006	2	20--29
CoolJen	29	-0.5187536939329845	2007	2	20--29
CoolJen	30	-0.12284236036297468	2008	3	30--39
CoolJen	31	0.2039588950817121	2009	3	30--39
CoolJen	32	-0.07534702827005507	2010	3	30--39
CoolJen	33	-0.09534346877068883	2011	3	30--39
CoolJen	34	-0.012610032740995179	2012	3	30--39
CoolJen	35	-0.020658365299973027	2013	3	30--39
CoolJen	36	0.0	2014	3	30--39
CoolJen	37	0.0	2015	3	30--39
CoolJen	38	0.0	2016	3	30--39
CoolJen	39	0.0	2017	3	30--39
CoolJen	40	0.0	2018	4	40--49
CoolJen	41	0.0	2019	4	40--49
CoolJen	42	0.0	2020	4	40--49
CoolJen	43	0.0	2021	4	40--49
car	31	0.0	2004	3	30--39
car	32	0.008606607983198662	2005	3	30--39
car	33	-0.0043435112769132185	2006	3	30--39
car	34	0.005186315629327992	2007	3	30--39
car	35	0.03230139632817202	2008	3	30--39
car	36	0.020616787352936428	2009	3	30--39
car	37	-0.05751431802382917	2010	3	30--39
car	38	-0.004853277992892719	2011	3	30--39
car	39	0.0	2012	3	30--39
car	40	0.0	2013	4	40--49
car	41	0.0	2014	4	40--49
car	42	0.0	2015	4	40--49
car	43	0.0	2016	4	40--49
car	44	0.0	2017	4	40--49
car	45	0.0	2018	4	40--49
car	46	0.0	2019	4	40--49
car	47	0.0	2020	4	40--49
car	48	0.0	2021	4	40--49
Baronessan	31	-0.9812555818389894	2004	3	30--39
Baronessan	32	-0.024255702275919767	2005	3	30--39
Baronessan	33	0.01262846097760078	2006	3	30--39
Baronessan	34	-0.015667558440577947	2007	3	30--39
Baronessan	35	-0.0077509171705300835	2008	3	30--39
Baronessan	36	-0.0030519799265807794	2009	3	30--39
Baronessan	37	0.003908695583029788	2010	3	30--39
Baronessan	38	-0.004507550485925061	2011	3	30--39
Baronessan	39	-0.0027723665034140167	2012	3	30--39
Baronessan	40	0.0	2013	4	40--49
Baronessan	41	0.0	2014	4	40--49
Baronessan	42	0.0	2015	4	40--49
Baronessan	43	0.0	2016	4	40--49
Baronessan	44	0.0	2017	4	40--49
Baronessan	45	0.0	2018	4	40--49
Baronessan	46	0.0	2019	4	40--49
Baronessan	47	0.0	2020	4	40--49
Baronessan	48	0.0	2021	4	40--49
hemlis	36	0.0	2004	3	30--39
hemlis	37	0.0	2005	3	30--39
hemlis	38	0.8099883741942342	2006	3	30--39
hemlis	39	0.36961326570150965	2007	3	30--39
hemlis	40	0.031171811354034462	2008	4	40--49
hemlis	41	-0.551699666316312	2009	4	40--49
hemlis	42	-0.6396606729618954	2010	4	40--49
hemlis	43	0.01385528606939733	2011	4	40--49
hemlis	44	-0.00228085009100866	2012	4	40--49
hemlis	45	-0.030987547949959546	2013	4	40--49
hemlis	46	0.0	2014	4	40--49
hemlis	47	0.0	2015	4	40--49
hemlis	48	0.0	2016	4	40--49
hemlis	49	0.0	2017	4	40--49
hemlis	50	0.0	2018	5	50--59
hemlis	51	0.0	2019	5	50--59
hemlis	52	0.0	2020	5	50--59
hemlis	53	0.0	2021	5	50--59
Mopsan	19	0.0	2004	1	<20
Mopsan	20	0.0	2005	2	20--29
Mopsan	21	0.0	2006	2	20--29
Mopsan	22	0.0	2007	2	20--29
Mopsan	23	0.25371645264915776	2008	2	20--29
Mopsan	24	0.17611427665527685	2009	2	20--29
Mopsan	25	-0.4079909783364174	2010	2	20--29
Mopsan	26	-0.021839750968017237	2011	2	20--29
Mopsan	27	0.0	2012	2	20--29
Mopsan	28	0.0	2013	2	20--29
Mopsan	29	0.0	2014	2	20--29
Mopsan	30	0.0	2015	3	30--39
Mopsan	31	0.0	2016	3	30--39
Mopsan	32	0.0	2017	3	30--39
Mopsan	33	0.0	2018	3	30--39
Mopsan	34	0.0	2019	3	30--39
Mopsan	35	0.0	2020	3	30--39
Mopsan	36	0.0	2021	3	30--39
Adora1	26	0.0	2004	2	20--29
Adora1	27	0.0	2005	2	20--29
Adora1	28	0.0	2006	2	20--29
Adora1	29	0.0	2007	2	20--29
Adora1	30	0.0	2008	3	30--39
Adora1	31	0.006742442812618582	2009	3	30--39
Adora1	32	0.017523947151845014	2010	3	30--39
Adora1	33	0.00900200807650461	2011	3	30--39
Adora1	34	-0.016053093624324014	2012	3	30--39
Adora1	35	0.011664537765415026	2013	3	30--39
Adora1	36	-0.007223687773678284	2014	3	30--39
Adora1	37	-0.021656154408380934	2015	3	30--39
Adora1	38	0.0	2016	3	30--39
Adora1	39	0.0	2017	3	30--39
Adora1	40	0.0	2018	4	40--49
Adora1	41	0.0	2019	4	40--49
Adora1	42	0.0	2020	4	40--49
Adora1	43	0.0	2021	4	40--49
Saltlakrits	22	0.0	2004	2	20--29
Saltlakrits	23	0.0	2005	2	20--29
Saltlakrits	24	0.0788672890662807	2006	2	20--29
Saltlakrits	25	-0.041069639723826955	2007	2	20--29
Saltlakrits	26	-0.01210484401089346	2008	2	20--29
Saltlakrits	27	-0.024007194628405636	2009	2	20--29
Saltlakrits	28	0.0031676672897380737	2010	2	20--29
Saltlakrits	29	-0.004853277992892719	2011	2	20--29
Saltlakrits	30	0.006886121766657677	2012	3	30--39
Saltlakrits	31	-0.006886121766657677	2013	3	30--39
Saltlakrits	32	0.0	2014	3	30--39
Saltlakrits	33	0.0	2015	3	30--39
Saltlakrits	34	0.0	2016	3	30--39
Saltlakrits	35	0.0	2017	3	30--39
Saltlakrits	36	0.0	2018	3	30--39
Saltlakrits	37	0.0	2019	3	30--39
Saltlakrits	38	0.0	2020	3	30--39
Saltlakrits	39	0.0	2021	3	30--39
Alisa	25	0.0	2004	2	20--29
Alisa	26	0.0	2005	2	20--29
Alisa	27	0.006394645059428165	2006	2	20--29
Alisa	28	-0.004819743003492592	2007	2	20--29
Alisa	29	0.02893530427529226	2008	2	20--29
Alisa	30	-0.018710931409145315	2009	3	30--39
Alisa	31	0.002760559056595639	2010	3	30--39
Alisa	32	0.015936197558876028	2011	3	30--39
Alisa	33	0.0073776381790630376	2012	3	30--39
Alisa	34	-0.03306036268627402	2013	3	30--39
Alisa	35	0.002405411105783773	2014	3	30--39
Alisa	36	-0.007218718136126977	2015	3	30--39
Alisa	37	0.0	2016	3	30--39
Alisa	38	0.0	2017	3	30--39
Alisa	39	0.0	2018	3	30--39
Alisa	40	0.0	2019	4	40--49
Alisa	41	0.0	2020	4	40--49
Alisa	42	0.0	2021	4	40--49
Ickan	36	0.0	2004	3	30--39
Ickan	37	0.0	2005	3	30--39
Ickan	38	0.01278929011885633	2006	3	30--39
Ickan	39	0.04075737978295314	2007	3	30--39
Ickan	40	0.06367675442343432	2008	4	40--49
Ickan	41	-0.08688243166846016	2009	4	40--49
Ickan	42	-0.025487714663890902	2010	4	40--49
Ickan	43	-0.004853277992892719	2011	4	40--49
Ickan	44	0.0	2012	4	40--49
Ickan	45	0.0	2013	4	40--49
Ickan	46	0.0	2014	4	40--49
Ickan	47	0.0	2015	4	40--49
Ickan	48	0.0	2016	4	40--49
Ickan	49	0.0	2017	4	40--49
Ickan	50	0.0	2018	5	50--59
Ickan	51	0.0	2019	5	50--59
Ickan	52	0.0	2020	5	50--59
Ickan	53	0.0	2021	5	50--59
underverket 06	35	0.0	2004	3	30--39
underverket 06	36	0.0	2005	3	30--39
underverket 06	37	0.0	2006	3	30--39
underverket 06	38	0.0	2007	3	30--39
underverket 06	39	0.0	2008	3	30--39
underverket 06	40	0.0	2009	4	40--49
underverket 06	41	0.0	2010	4	40--49
underverket 06	42	0.0	2011	4	40--49
underverket 06	43	0.0	2012	4	40--49
underverket 06	44	0.0	2013	4	40--49
underverket 06	45	0.0	2014	4	40--49
underverket 06	46	0.0	2015	4	40--49
underverket 06	47	0.0	2016	4	40--49
underverket 06	48	0.0	2017	4	40--49
underverket 06	49	0.0	2018	4	40--49
underverket 06	50	0.0	2019	5	50--59
underverket 06	51	0.0	2020	5	50--59
underverket 06	52	0.0	2021	5	50--59
barnsäng	36	0.0	2004	3	30--39
barnsäng	37	0.9036938382358595	2005	3	30--39
barnsäng	38	-0.26849242899932835	2006	3	30--39
barnsäng	39	-0.39581629673432406	2007	3	30--39
barnsäng	40	0.4768018361150358	2008	4	40--49
barnsäng	41	-0.5526827104112423	2009	4	40--49
barnsäng	42	0.01849368652747635	2010	4	40--49
barnsäng	43	-0.18199792473347695	2011	4	40--49
barnsäng	44	0.0	2012	4	40--49
barnsäng	45	0.0	2013	4	40--49
barnsäng	46	0.0	2014	4	40--49
barnsäng	47	0.0	2015	4	40--49
barnsäng	48	0.0	2016	4	40--49
barnsäng	49	0.0	2017	4	40--49
barnsäng	50	0.0	2018	5	50--59
barnsäng	51	0.0	2019	5	50--59
barnsäng	52	0.0	2020	5	50--59
barnsäng	53	0.0	2021	5	50--59
UWO BaraJag	33	0.0	2004	3	30--39
UWO BaraJag	34	0.0	2005	3	30--39
UWO BaraJag	35	0.0	2006	3	30--39
UWO BaraJag	36	0.0	2007	3	30--39
UWO BaraJag	37	0.0	2008	3	30--39
UWO BaraJag	38	0.0	2009	3	30--39
UWO BaraJag	39	0.0	2010	3	30--39
UWO BaraJag	40	0.0	2011	4	40--49
UWO BaraJag	41	0.0	2012	4	40--49
UWO BaraJag	42	0.0	2013	4	40--49
UWO BaraJag	43	0.0	2014	4	40--49
UWO BaraJag	44	0.0	2015	4	40--49
UWO BaraJag	45	0.0	2016	4	40--49
UWO BaraJag	46	0.0	2017	4	40--49
UWO BaraJag	47	0.0	2018	4	40--49
UWO BaraJag	48	0.0	2019	4	40--49
UWO BaraJag	49	0.0	2020	4	40--49
UWO BaraJag	50	0.0	2021	5	50--59
högbergarna	27	0.0	2004	2	20--29
högbergarna	28	0.0	2005	2	20--29
högbergarna	29	0.0	2006	2	20--29
högbergarna	30	0.10709333980361894	2007	3	30--39
högbergarna	31	0.011735884854847362	2008	3	30--39
högbergarna	32	0.09355772393901905	2009	3	30--39
högbergarna	33	0.5083248333470833	2010	3	30--39
högbergarna	34	-0.19118977979249152	2011	3	30--39
högbergarna	35	-0.5260789412687484	2012	3	30--39
högbergarna	36	-0.0034430608833288384	2013	3	30--39
högbergarna	37	0.0	2014	3	30--39
högbergarna	38	0.0	2015	3	30--39
högbergarna	39	0.0	2016	3	30--39
högbergarna	40	0.0	2017	4	40--49
högbergarna	41	0.0	2018	4	40--49
högbergarna	42	0.0	2019	4	40--49
högbergarna	43	0.0	2020	4	40--49
högbergarna	44	0.0	2021	4	40--49
Skogsstjärnan	38	0.0	2004	3	30--39
Skogsstjärnan	39	0.025819823949595987	2005	3	30--39
Skogsstjärnan	40	0.03599507829154294	2006	4	40--49
Skogsstjärnan	41	-0.01771764467494289	2007	4	40--49
Skogsstjärnan	42	-0.044097257566196035	2008	4	40--49
Skogsstjärnan	43	0.0	2009	4	40--49
Skogsstjärnan	44	0.0	2010	4	40--49
Skogsstjärnan	45	0.0	2011	4	40--49
Skogsstjärnan	46	0.0	2012	4	40--49
Skogsstjärnan	47	0.0	2013	4	40--49
Skogsstjärnan	48	0.0	2014	4	40--49
Skogsstjärnan	49	0.0	2015	4	40--49
Skogsstjärnan	50	0.0	2016	5	50--59
Skogsstjärnan	51	0.0	2017	5	50--59
Skogsstjärnan	52	0.0	2018	5	50--59
Skogsstjärnan	53	0.0	2019	5	50--59
Skogsstjärnan	54	0.0	2020	5	50--59
Skogsstjärnan	55	0.0	2021	5	50--59
Tristan	36	0.9330506604521346	2004	3	30--39
Tristan	37	1.4767995748434912	2005	3	30--39
Tristan	38	-2.4013240418830546	2006	3	30--39
Tristan	39	-0.0006516831328930231	2007	3	30--39
Tristan	40	-0.007874510279677864	2008	4	40--49
Tristan	41	0.003371221406309291	2009	4	40--49
Tristan	42	-0.003371221406309291	2010	4	40--49
Tristan	43	0.0	2011	4	40--49
Tristan	44	0.0	2012	4	40--49
Tristan	45	0.0	2013	4	40--49
Tristan	46	0.0	2014	4	40--49
Tristan	47	0.0	2015	4	40--49
Tristan	48	0.0	2016	4	40--49
Tristan	49	0.0	2017	4	40--49
Tristan	50	0.0	2018	5	50--59
Tristan	51	0.0	2019	5	50--59
Tristan	52	0.0	2020	5	50--59
Tristan	53	0.0	2021	5	50--59
lilla mej	28	0.0	2004	2	20--29
lilla mej	29	0.0	2005	2	20--29
lilla mej	30	0.0	2006	3	30--39
lilla mej	31	0.0	2007	3	30--39
lilla mej	32	0.0	2008	3	30--39
lilla mej	33	0.0	2009	3	30--39
lilla mej	34	0.0	2010	3	30--39
lilla mej	35	0.0	2011	3	30--39
lilla mej	36	0.0	2012	3	30--39
lilla mej	37	0.0	2013	3	30--39
lilla mej	38	0.0	2014	3	30--39
lilla mej	39	0.0	2015	3	30--39
lilla mej	40	0.0	2016	4	40--49
lilla mej	41	0.0	2017	4	40--49
lilla mej	42	0.0	2018	4	40--49
lilla mej	43	0.0	2019	4	40--49
lilla mej	44	0.0	2020	4	40--49
lilla mej	45	0.0	2021	4	40--49
sportpappa	28	0.0	2004	2	20--29
sportpappa	29	0.0	2005	2	20--29
sportpappa	30	0.0	2006	3	30--39
sportpappa	31	0.0	2007	3	30--39
sportpappa	32	0.0	2008	3	30--39
sportpappa	33	0.0	2009	3	30--39
sportpappa	34	0.0	2010	3	30--39
sportpappa	35	0.019406565523898116	2011	3	30--39
sportpappa	36	-0.005634321990582763	2012	3	30--39
sportpappa	37	-0.00895893650297215	2013	3	30--39
sportpappa	38	0.0890300287393075	2014	3	30--39
sportpappa	39	0.08636959120996351	2015	3	30--39
sportpappa	40	-0.08637254256060263	2016	4	40--49
sportpappa	41	-0.09384038441901159	2017	4	40--49
sportpappa	42	0.0	2018	4	40--49
sportpappa	43	0.0	2019	4	40--49
sportpappa	44	0.0	2020	4	40--49
sportpappa	45	0.0	2021	4	40--49
hot fuss	26	0.0	2004	2	20--29
hot fuss	27	0.0	2005	2	20--29
hot fuss	28	0.0	2006	2	20--29
hot fuss	29	0.0	2007	2	20--29
hot fuss	30	0.0	2008	3	30--39
hot fuss	31	0.0	2009	3	30--39
hot fuss	32	0.0	2010	3	30--39
hot fuss	33	0.0	2011	3	30--39
hot fuss	34	0.0	2012	3	30--39
hot fuss	35	0.0	2013	3	30--39
hot fuss	36	0.0	2014	3	30--39
hot fuss	37	0.0	2015	3	30--39
hot fuss	38	0.0	2016	3	30--39
hot fuss	39	0.0	2017	3	30--39
hot fuss	40	0.0	2018	4	40--49
hot fuss	41	0.0	2019	4	40--49
hot fuss	42	0.0	2020	4	40--49
hot fuss	43	0.0	2021	4	40--49
Bohman	20	0.0	2004	2	20--29
Bohman	21	0.0	2005	2	20--29
Bohman	22	0.0	2006	2	20--29
Bohman	23	0.028348237006840308	2007	2	20--29
Bohman	24	0.09690418898451605	2008	2	20--29
Bohman	25	-0.007259676770531173	2009	2	20--29
Bohman	26	0.2896826021821632	2010	2	20--29
Bohman	27	-0.3744069533620202	2011	2	20--29
Bohman	28	-0.029825337157639367	2012	2	20--29
Bohman	29	0.02543678129873038	2013	2	20--29
Bohman	30	-0.028879842182059218	2014	3	30--39
Bohman	31	0.0	2015	3	30--39
Bohman	32	0.0	2016	3	30--39
Bohman	33	0.0	2017	3	30--39
Bohman	34	0.0	2018	3	30--39
Bohman	35	0.0	2019	3	30--39
Bohman	36	0.0	2020	3	30--39
Bohman	37	0.0	2021	3	30--39
AnnaKlara	35	0.05183614780289636	2004	3	30--39
AnnaKlara	36	-0.043229539819697696	2005	3	30--39
AnnaKlara	37	0.06599758437679659	2006	3	30--39
AnnaKlara	38	-0.04153124918534823	2007	3	30--39
AnnaKlara	39	0.024735868821363603	2008	3	30--39
AnnaKlara	40	-0.04600953707392811	2009	4	40--49
AnnaKlara	41	0.00033392006014927936	2010	4	40--49
AnnaKlara	42	-0.012133194982231798	2011	4	40--49
AnnaKlara	43	0.0	2012	4	40--49
AnnaKlara	44	0.0	2013	4	40--49
AnnaKlara	45	0.0	2014	4	40--49
AnnaKlara	46	0.0	2015	4	40--49
AnnaKlara	47	0.0	2016	4	40--49
AnnaKlara	48	0.0	2017	4	40--49
AnnaKlara	49	0.0	2018	4	40--49
AnnaKlara	50	0.0	2019	5	50--59
AnnaKlara	51	0.0	2020	5	50--59
AnnaKlara	52	0.0	2021	5	50--59
hannis	27	0.010367229560579273	2004	2	20--29
hannis	28	-0.010367229560579273	2005	2	20--29
hannis	29	0.0	2006	2	20--29
hannis	30	0.003149804111871145	2007	3	30--39
hannis	31	6.17965545738901e-05	2008	3	30--39
hannis	32	0.005216452849328193	2009	3	30--39
hannis	33	0.018264975445136725	2010	3	30--39
hannis	34	0.017664835093714314	2011	3	30--39
hannis	35	0.014174170961965986	2012	3	30--39
hannis	36	0.07142725480267624	2013	3	30--39
hannis	37	-0.08664698100250462	2014	3	30--39
hannis	38	-0.04331230881676187	2015	3	30--39
hannis	39	0.0	2016	3	30--39
hannis	40	0.0	2017	4	40--49
hannis	41	0.0	2018	4	40--49
hannis	42	0.0	2019	4	40--49
hannis	43	0.0	2020	4	40--49
hannis	44	0.0	2021	4	40--49
Moomin	24	0.0	2004	2	20--29
Moomin	25	0.017213215966397324	2005	2	20--29
Moomin	26	0.10641658851588053	2006	2	20--29
Moomin	27	-0.10158117569917983	2007	2	20--29
Moomin	28	-0.01883702811665298	2008	2	20--29
Moomin	29	-0.0032116006664450352	2009	2	20--29
Moomin	30	0.0	2010	3	30--39
Moomin	31	0.0	2011	3	30--39
Moomin	32	0.0	2012	3	30--39
Moomin	33	0.0	2013	3	30--39
Moomin	34	0.0	2014	3	30--39
Moomin	35	0.0	2015	3	30--39
Moomin	36	0.0	2016	3	30--39
Moomin	37	0.0	2017	3	30--39
Moomin	38	0.0	2018	3	30--39
Moomin	39	0.0	2019	3	30--39
Moomin	40	0.0	2020	4	40--49
Moomin	41	0.0	2021	4	40--49
snobben	36	-0.6504665220639582	2004	3	30--39
snobben	37	-0.2687698465162025	2005	3	30--39
snobben	38	0.13621862040607144	2006	3	30--39
snobben	39	-0.14957494352849673	2007	3	30--39
snobben	40	-0.08207847640097418	2008	4	40--49
snobben	41	-0.1507856105830524	2009	4	40--49
snobben	42	-0.003371221406309291	2010	4	40--49
snobben	43	0.0	2011	4	40--49
snobben	44	0.0034430608833288384	2012	4	40--49
snobben	45	-0.0034430608833288384	2013	4	40--49
snobben	46	0.0	2014	4	40--49
snobben	47	0.0	2015	4	40--49
snobben	48	0.0	2016	4	40--49
snobben	49	0.0	2017	4	40--49
snobben	50	0.0	2018	5	50--59
snobben	51	0.0	2019	5	50--59
snobben	52	0.0	2020	5	50--59
snobben	53	0.0	2021	5	50--59
Insatt	24	0.0	2004	2	20--29
Insatt	25	0.0	2005	2	20--29
Insatt	26	0.0	2006	2	20--29
Insatt	27	0.0015749020559355726	2007	2	20--29
Insatt	28	-0.0015749020559355726	2008	2	20--29
Insatt	29	0.011799274922082518	2009	2	20--29
Insatt	30	0.00033392006014927936	2010	3	30--39
Insatt	31	0.09044436564408682	2011	3	30--39
Insatt	32	-0.023387160309755337	2012	3	30--39
Insatt	33	-0.04549725110416086	2013	3	30--39
Insatt	34	-0.03369314921240242	2014	3	30--39
Insatt	35	0.0	2015	3	30--39
Insatt	36	0.0	2016	3	30--39
Insatt	37	0.0	2017	3	30--39
Insatt	38	0.0	2018	3	30--39
Insatt	39	0.0	2019	3	30--39
Insatt	40	0.0	2020	4	40--49
Insatt	41	0.0	2021	4	40--49
Konvaljen	21	0.0	2004	2	20--29
Konvaljen	22	0.04733634390759264	2005	2	20--29
Konvaljen	23	-0.034547053788736314	2006	2	20--29
Konvaljen	24	-0.003339877783242894	2007	2	20--29
Konvaljen	25	-0.004632011335945882	2008	2	20--29
Konvaljen	26	-0.0031317902965129077	2009	2	20--29
Konvaljen	27	0.015300862271969872	2010	2	20--29
Konvaljen	28	-0.0031246404580544344	2011	2	20--29
Konvaljen	29	0.01712571543288946	2012	2	20--29
Konvaljen	30	-0.030987547949959546	2013	3	30--39
Konvaljen	31	0.0	2014	3	30--39
Konvaljen	32	0.0	2015	3	30--39
Konvaljen	33	0.0	2016	3	30--39
Konvaljen	34	0.0	2017	3	30--39
Konvaljen	35	0.0	2018	3	30--39
Konvaljen	36	0.0	2019	3	30--39
Konvaljen	37	0.0	2020	3	30--39
Konvaljen	38	0.0	2021	3	30--39
luzorsus	28	0.0	2004	2	20--29
luzorsus	29	0.09467268781518529	2005	2	20--29
luzorsus	30	-0.028594688867760912	2006	3	30--39
luzorsus	31	0.044165144968065714	2007	3	30--39
luzorsus	32	0.016615082409088794	2008	3	30--39
luzorsus	33	0.03664601188142172	2009	3	30--39
luzorsus	34	-0.11739809727351977	2010	3	30--39
luzorsus	35	-0.03224430841541075	2011	3	30--39
luzorsus	36	-0.006975710750412407	2012	3	30--39
luzorsus	37	-0.006886121766657677	2013	3	30--39
luzorsus	38	0.0	2014	3	30--39
luzorsus	39	0.0	2015	3	30--39
luzorsus	40	0.0	2016	4	40--49
luzorsus	41	0.0	2017	4	40--49
luzorsus	42	0.0	2018	4	40--49
luzorsus	43	0.0	2019	4	40--49
luzorsus	44	0.0	2020	4	40--49
luzorsus	45	0.0	2021	4	40--49
gosmamman	23	0.0	2004	2	20--29
gosmamman	24	0.0	2005	2	20--29
gosmamman	25	0.017052386825141774	2006	2	20--29
gosmamman	26	1.373586128565969	2007	2	20--29
gosmamman	27	0.7145657214636096	2008	2	20--29
gosmamman	28	-1.5236685442663678	2009	2	20--29
gosmamman	29	0.15130928433844792	2010	2	20--29
gosmamman	30	-0.5498687877014755	2011	3	30--39
gosmamman	31	-0.18297618922532513	2012	3	30--39
gosmamman	32	0.0	2013	3	30--39
gosmamman	33	0.0	2014	3	30--39
gosmamman	34	0.0	2015	3	30--39
gosmamman	35	0.0	2016	3	30--39
gosmamman	36	0.0	2017	3	30--39
gosmamman	37	0.0	2018	3	30--39
gosmamman	38	0.0	2019	3	30--39
gosmamman	39	0.0	2020	3	30--39
gosmamman	40	0.0	2021	4	40--49
Brooke	17	0.0	2004	1	<20
Brooke	18	0.0	2005	1	<20
Brooke	19	0.0021315483531427217	2006	1	<20
Brooke	20	0.0010182557587284234	2007	2	20--29
Brooke	21	0.0369952042186918	2008	2	20--29
Brooke	22	0.03739308401455075	2009	2	20--29
Brooke	23	0.02923402349852612	2010	2	20--29
Brooke	24	-0.09013791682315571	2011	2	20--29
Brooke	25	0.007467227162817766	2012	2	20--29
Brooke	26	-0.02410142618330187	2013	2	20--29
Brooke	27	0.0	2014	2	20--29
Brooke	28	0.0	2015	2	20--29
Brooke	29	0.0	2016	2	20--29
Brooke	30	0.0	2017	3	30--39
Brooke	31	0.0	2018	3	30--39
Brooke	32	0.0	2019	3	30--39
Brooke	33	0.0	2020	3	30--39
Brooke	34	0.0	2021	3	30--39
brokig	22	0.0	2004	2	20--29
brokig	23	0.051639647899191975	2005	2	20--29
brokig	24	-0.015403325895765707	2006	2	20--29
brokig	25	-0.012612791164392678	2007	2	20--29
brokig	26	-0.01720032950614352	2008	2	20--29
brokig	27	-0.0064232013328900705	2009	2	20--29
brokig	28	0.0024266389964463595	2010	2	20--29
brokig	29	0.016979926527451755	2011	2	20--29
brokig	30	-0.019406565523898116	2012	3	30--39
brokig	31	0.014439921091029609	2013	3	30--39
brokig	32	-0.014439921091029609	2014	3	30--39
brokig	33	0.0	2015	3	30--39
brokig	34	0.0	2016	3	30--39
brokig	35	0.0	2017	3	30--39
brokig	36	0.0	2018	3	30--39
brokig	37	0.0	2019	3	30--39
brokig	38	0.0	2020	3	30--39
brokig	39	0.0	2021	3	30--39
MayaS	36	0.0	2004	3	30--39
MayaS	37	0.06454955987398997	2005	3	30--39
MayaS	38	-0.028313237870563703	2006	3	30--39
MayaS	39	-0.028361811723748402	2007	3	30--39
MayaS	40	-0.0014513089467877932	2008	4	40--49
MayaS	41	-0.0030519799265807794	2009	4	40--49
MayaS	42	-0.003371221406309291	2010	4	40--49
MayaS	43	0.0	2011	4	40--49
MayaS	44	0.0	2012	4	40--49
MayaS	45	0.0	2013	4	40--49
MayaS	46	0.0	2014	4	40--49
MayaS	47	0.0	2015	4	40--49
MayaS	48	0.0	2016	4	40--49
MayaS	49	0.0	2017	4	40--49
MayaS	50	0.0	2018	5	50--59
MayaS	51	0.0	2019	5	50--59
MayaS	52	0.0	2020	5	50--59
MayaS	53	0.0	2021	5	50--59
Emeliee	25	0.0	2004	2	20--29
Emeliee	26	0.0	2005	2	20--29
Emeliee	27	0.03836787035656899	2006	2	20--29
Emeliee	28	-0.0052949271819219615	2007	2	20--29
Emeliee	29	-0.0009569365101966751	2008	2	20--29
Emeliee	30	-0.03211600666445035	2009	3	30--39
Emeliee	31	0.004853277992892719	2010	3	30--39
Emeliee	32	-0.004853277992892719	2011	3	30--39
Emeliee	33	0.0	2012	3	30--39
Emeliee	34	0.0	2013	3	30--39
Emeliee	35	0.0	2014	3	30--39
Emeliee	36	0.0	2015	3	30--39
Emeliee	37	0.0	2016	3	30--39
Emeliee	38	0.0	2017	3	30--39
Emeliee	39	0.0	2018	3	30--39
Emeliee	40	0.0	2019	4	40--49
Emeliee	41	0.0	2020	4	40--49
Emeliee	42	0.0	2021	4	40--49
finskaflikkan	22	0.0	2004	2	20--29
finskaflikkan	23	0.0	2005	2	20--29
finskaflikkan	24	0.0	2006	2	20--29
finskaflikkan	25	0.0	2007	2	20--29
finskaflikkan	26	0.22320624631792993	2008	2	20--29
finskaflikkan	27	0.11897272642246307	2009	2	20--29
finskaflikkan	28	0.36397297522549765	2010	2	20--29
finskaflikkan	29	0.699437869265016	2011	2	20--29
finskaflikkan	30	0.030166571117218766	2012	3	30--39
finskaflikkan	31	-1.069945054042042	2013	3	30--39
finskaflikkan	32	-0.33693646176157555	2014	3	30--39
finskaflikkan	33	0.35407759728717236	2015	3	30--39
finskaflikkan	34	-0.38295246983168024	2016	3	30--39
finskaflikkan	35	0.0	2017	3	30--39
finskaflikkan	36	0.0	2018	3	30--39
finskaflikkan	37	0.0	2019	3	30--39
finskaflikkan	38	0.0	2020	3	30--39
finskaflikkan	39	0.0	2021	3	30--39
Tigra79	26	0.0	2004	2	20--29
Tigra79	27	0.0	2005	2	20--29
Tigra79	28	0.0	2006	2	20--29
Tigra79	29	0.003149804111871145	2007	2	20--29
Tigra79	30	0.2039984388738336	2008	3	30--39
Tigra79	31	0.23111053983450305	2009	3	30--39
Tigra79	32	1.376867186521669	2010	3	30--39
Tigra79	33	-0.7727161640582065	2011	3	30--39
Tigra79	34	-0.6189133166342232	2012	3	30--39
Tigra79	35	-0.21171097931434618	2013	3	30--39
Tigra79	36	-0.21178550933510093	2014	3	30--39
Tigra79	37	0.0	2015	3	30--39
Tigra79	38	0.0	2016	3	30--39
Tigra79	39	0.0	2017	3	30--39
Tigra79	40	0.0	2018	4	40--49
Tigra79	41	0.0	2019	4	40--49
Tigra79	42	0.0	2020	4	40--49
Tigra79	43	0.0	2021	4	40--49
snöflingan1	36	0.0	2004	3	30--39
snöflingan1	37	0.0	2005	3	30--39
snöflingan1	38	0.5478079267576794	2006	3	30--39
snöflingan1	39	-0.2548761443536629	2007	3	30--39
snöflingan1	40	0.1839909165630712	2008	4	40--49
snöflingan1	41	-0.2089105971654991	2009	4	40--49
snöflingan1	42	-0.025348202156952687	2010	4	40--49
snöflingan1	43	-0.24266389964463594	2011	4	40--49
snöflingan1	44	0.0	2012	4	40--49
snöflingan1	45	0.0	2013	4	40--49
snöflingan1	46	0.0	2014	4	40--49
snöflingan1	47	0.0	2015	4	40--49
snöflingan1	48	0.0	2016	4	40--49
snöflingan1	49	0.0	2017	4	40--49
snöflingan1	50	0.0	2018	5	50--59
snöflingan1	51	0.0	2019	5	50--59
snöflingan1	52	0.0	2020	5	50--59
snöflingan1	53	0.0	2021	5	50--59
Carla82	23	0.0	2004	2	20--29
Carla82	24	0.0	2005	2	20--29
Carla82	25	0.014920838471999051	2006	2	20--29
Carla82	26	-0.005471426136385616	2007	2	20--29
Carla82	27	-0.006237811669168401	2008	2	20--29
Carla82	28	-0.0015259899632903897	2009	2	20--29
Carla82	29	0.000741028293291714	2010	2	20--29
Carla82	30	0.011435193520623724	2011	3	30--39
Carla82	31	0.02745489808287597	2012	3	30--39
Carla82	32	-0.041316730599946054	2013	3	30--39
Carla82	33	0.0	2014	3	30--39
Carla82	34	0.0	2015	3	30--39
Carla82	35	0.0	2016	3	30--39
Carla82	36	0.0	2017	3	30--39
Carla82	37	0.0	2018	3	30--39
Carla82	38	0.0	2019	3	30--39
Carla82	39	0.0	2020	3	30--39
Carla82	40	0.0	2021	4	40--49
Kaosmamma	24	0.0	2004	2	20--29
Kaosmamma	25	0.0	2005	2	20--29
Kaosmamma	26	0.0	2006	2	20--29
Kaosmamma	27	0.0	2007	2	20--29
Kaosmamma	28	0.0	2008	2	20--29
Kaosmamma	29	0.0	2009	2	20--29
Kaosmamma	30	0.029119667957356314	2010	3	30--39
Kaosmamma	31	0.054051327145064186	2011	3	30--39
Kaosmamma	32	-0.0384112036191456	2012	3	30--39
Kaosmamma	33	-0.0447597914832749	2013	3	30--39
Kaosmamma	34	0.0	2014	3	30--39
Kaosmamma	35	0.0	2015	3	30--39
Kaosmamma	36	0.0	2016	3	30--39
Kaosmamma	37	0.0	2017	3	30--39
Kaosmamma	38	0.0	2018	3	30--39
Kaosmamma	39	0.0	2019	3	30--39
Kaosmamma	40	0.0	2020	4	40--49
Kaosmamma	41	0.0	2021	4	40--49
Tant Groda	23	0.0	2004	2	20--29
Tant Groda	24	0.0	2005	2	20--29
Tant Groda	25	0.0	2006	2	20--29
Tant Groda	26	0.0	2007	2	20--29
Tant Groda	27	0.0	2008	2	20--29
Tant Groda	28	0.0	2009	2	20--29
Tant Groda	29	0.0	2010	2	20--29
Tant Groda	30	0.0	2011	3	30--39
Tant Groda	31	0.0	2012	3	30--39
Tant Groda	32	0.0	2013	3	30--39
Tant Groda	33	0.0	2014	3	30--39
Tant Groda	34	0.0	2015	3	30--39
Tant Groda	35	0.0	2016	3	30--39
Tant Groda	36	0.0	2017	3	30--39
Tant Groda	37	0.0	2018	3	30--39
Tant Groda	38	0.0	2019	3	30--39
Tant Groda	39	0.0	2020	3	30--39
Tant Groda	40	0.0	2021	4	40--49
Smajla	17	0.0	2004	1	<20
Smajla	18	0.09036938382358595	2005	1	<20
Smajla	19	-0.04560686840758879	2006	1	<20
Smajla	20	-0.025863690744770285	2007	2	20--29
Smajla	21	-0.01889882467122687	2008	2	20--29
Smajla	22	0.0	2009	2	20--29
Smajla	23	0.0	2010	2	20--29
Smajla	24	0.0	2011	2	20--29
Smajla	25	0.0	2012	2	20--29
Smajla	26	0.0	2013	2	20--29
Smajla	27	0.0	2014	2	20--29
Smajla	28	0.0	2015	2	20--29
Smajla	29	0.0	2016	2	20--29
Smajla	30	0.0	2017	3	30--39
Smajla	31	0.0	2018	3	30--39
Smajla	32	0.0	2019	3	30--39
Smajla	33	0.02398673667787439	2020	3	30--39
Smajla	34	-0.02398673667787439	2021	3	30--39
Mamba	21	0.1866101320904269	2004	2	20--29
Mamba	22	-0.12636387620803627	2005	2	20--29
Mamba	23	-0.0367992239978207	2006	2	20--29
Mamba	24	-0.015572521604892075	2007	2	20--29
Mamba	25	0.00015449138643472415	2008	2	20--29
Mamba	26	0.002084662552815286	2009	2	20--29
Mamba	27	0.014152725745535721	2010	2	20--29
Mamba	28	-0.024266389964463595	2011	2	20--29
Mamba	29	0.0	2012	2	20--29
Mamba	30	0.0	2013	3	30--39
Mamba	31	0.0	2014	3	30--39
Mamba	32	0.0	2015	3	30--39
Mamba	33	0.0	2016	3	30--39
Mamba	34	0.0	2017	3	30--39
Mamba	35	0.0	2018	3	30--39
Mamba	36	0.0	2019	3	30--39
Mamba	37	0.0	2020	3	30--39
Mamba	38	0.0	2021	3	30--39
ModestyB	24	0.0	2004	2	20--29
ModestyB	25	0.0	2005	2	20--29
ModestyB	26	0.0	2006	2	20--29
ModestyB	27	0.0	2007	2	20--29
ModestyB	28	0.1188292246584663	2008	2	20--29
ModestyB	29	0.19975119823776172	2009	2	20--29
ModestyB	30	0.3438920231336281	2010	3	30--39
ModestyB	31	0.2912216311445657	2011	3	30--39
ModestyB	32	-0.5198684058749881	2012	3	30--39
ModestyB	33	-0.0728276440236934	2013	3	30--39
ModestyB	34	-0.36099802727574026	2014	3	30--39
ModestyB	35	0.011263307936225889	2015	3	30--39
ModestyB	36	-0.011263307936225889	2016	3	30--39
ModestyB	37	0.0	2017	3	30--39
ModestyB	38	0.0	2018	3	30--39
ModestyB	39	0.0	2019	3	30--39
ModestyB	40	0.0	2020	4	40--49
ModestyB	41	0.0	2021	4	40--49
AndreaBD	41	0.0	2004	4	40--49
AndreaBD	42	0.0	2005	4	40--49
AndreaBD	43	0.0	2006	4	40--49
AndreaBD	44	0.0	2007	4	40--49
AndreaBD	45	0.0	2008	4	40--49
AndreaBD	46	0.0	2009	4	40--49
AndreaBD	47	0.0	2010	4	40--49
AndreaBD	48	0.0	2011	4	40--49
AndreaBD	49	0.0	2012	4	40--49
AndreaBD	50	0.0	2013	5	50--59
AndreaBD	51	0.0	2014	5	50--59
AndreaBD	52	0.0	2015	5	50--59
AndreaBD	53	0.0	2016	5	50--59
AndreaBD	54	0.5687326486778047	2017	5	50--59
AndreaBD	55	0.0681737412978548	2018	5	50--59
AndreaBD	56	0.3466592123746688	2019	5	50--59
AndreaBD	57	-0.04808287191322713	2020	5	50--59
AndreaBD	58	-0.27205948269576863	2021	5	50--59
Lilla Morran	22	0.0	2004	2	20--29
Lilla Morran	23	0.0	2005	2	20--29
Lilla Morran	24	0.0	2006	2	20--29
Lilla Morran	25	0.0	2007	2	20--29
Lilla Morran	26	0.0	2008	2	20--29
Lilla Morran	27	0.0	2009	2	20--29
Lilla Morran	28	0.0	2010	2	20--29
Lilla Morran	29	0.0	2011	2	20--29
Lilla Morran	30	0.0	2012	3	30--39
Lilla Morran	31	0.0	2013	3	30--39
Lilla Morran	32	0.0	2014	3	30--39
Lilla Morran	33	0.0	2015	3	30--39
Lilla Morran	34	0.0	2016	3	30--39
Lilla Morran	35	0.0	2017	3	30--39
Lilla Morran	36	0.0	2018	3	30--39
Lilla Morran	37	0.0	2019	3	30--39
Lilla Morran	38	0.0	2020	3	30--39
Lilla Morran	39	0.0	2021	3	30--39
TheLove	36	0.0	2004	3	30--39
TheLove	37	0.34856762331954577	2005	3	30--39
TheLove	38	0.2759760441512717	2006	3	30--39
TheLove	39	-0.11742520545956314	2007	3	30--39
TheLove	40	-0.49748366001191924	2008	4	40--49
TheLove	41	-0.00794919129618046	2009	4	40--49
TheLove	42	0.012874223275523511	2010	4	40--49
TheLove	43	0.0076190980486339765	2011	4	40--49
TheLove	44	-0.022178932027312134	2012	4	40--49
TheLove	45	0.0	2013	4	40--49
TheLove	46	0.0	2014	4	40--49
TheLove	47	0.0	2015	4	40--49
TheLove	48	0.01564006406983526	2016	4	40--49
TheLove	49	-0.01564006406983526	2017	4	40--49
TheLove	50	0.0	2018	5	50--59
TheLove	51	0.0	2019	5	50--59
TheLove	52	0.0	2020	5	50--59
TheLove	53	0.0	2021	5	50--59
Bondfia	34	0.0	2004	3	30--39
Bondfia	35	0.0	2005	3	30--39
Bondfia	36	0.0	2006	3	30--39
Bondfia	37	0.0	2007	3	30--39
Bondfia	38	0.0	2008	3	30--39
Bondfia	39	0.10113664218927873	2009	3	30--39
Bondfia	40	-0.08900344720704693	2010	4	40--49
Bondfia	41	-0.00936082847881778	2011	4	40--49
Bondfia	42	-0.0027723665034140167	2012	4	40--49
Bondfia	43	0.0	2013	4	40--49
Bondfia	44	0.0	2014	4	40--49
Bondfia	45	0.0	2015	4	40--49
Bondfia	46	0.0	2016	4	40--49
Bondfia	47	0.0	2017	4	40--49
Bondfia	48	0.0	2018	4	40--49
Bondfia	49	0.0	2019	4	40--49
Bondfia	50	0.0	2020	5	50--59
Bondfia	51	0.0	2021	5	50--59
Mania x2	28	0.0	2004	2	20--29
Mania x2	29	0.0	2005	2	20--29
Mania x2	30	0.0	2006	3	30--39
Mania x2	31	0.0	2007	3	30--39
Mania x2	32	0.0	2008	3	30--39
Mania x2	33	0.0	2009	3	30--39
Mania x2	34	0.0	2010	3	30--39
Mania x2	35	0.0	2011	3	30--39
Mania x2	36	0.0	2012	3	30--39
Mania x2	37	0.0	2013	3	30--39
Mania x2	38	0.0	2014	3	30--39
Mania x2	39	0.0	2015	3	30--39
Mania x2	40	0.0	2016	4	40--49
Mania x2	41	0.0	2017	4	40--49
Mania x2	42	0.0	2018	4	40--49
Mania x2	43	0.0	2019	4	40--49
Mania x2	44	0.0	2020	4	40--49
Mania x2	45	0.0	2021	4	40--49
SuzR	24	0.0	2004	2	20--29
SuzR	25	0.0	2005	2	20--29
SuzR	26	0.0	2006	2	20--29
SuzR	27	0.0	2007	2	20--29
SuzR	28	0.0	2008	2	20--29
SuzR	29	1.1782418815050972	2009	2	20--29
SuzR	30	-0.5327559084503656	2010	3	30--39
SuzR	31	-0.3432980241826038	2011	3	30--39
SuzR	32	-0.00952777378917663	2012	3	30--39
SuzR	33	0.29456328261891956	2013	3	30--39
SuzR	34	-0.43563037684320427	2014	3	30--39
SuzR	35	-0.15159308085866652	2015	3	30--39
SuzR	36	0.0	2016	3	30--39
SuzR	37	0.0	2017	3	30--39
SuzR	38	0.0	2018	3	30--39
SuzR	39	0.0	2019	3	30--39
SuzR	40	0.0	2020	4	40--49
SuzR	41	0.0	2021	4	40--49
Trikarn	36	0.0	2004	3	30--39
Trikarn	37	0.004303303991599331	2005	3	30--39
Trikarn	38	0.055380049896396874	2006	3	30--39
Trikarn	39	-0.0486590394964472	2007	3	30--39
Trikarn	40	0.01627429127323379	2008	4	40--49
Trikarn	41	0.013156051210928697	2009	4	40--49
Trikarn	42	-0.01133498891835518	2010	4	40--49
Trikarn	43	-0.029119667957356314	2011	4	40--49
Trikarn	44	0.0	2012	4	40--49
Trikarn	45	0.0	2013	4	40--49
Trikarn	46	0.0	2014	4	40--49
Trikarn	47	0.0	2015	4	40--49
Trikarn	48	0.0	2016	4	40--49
Trikarn	49	0.0	2017	4	40--49
Trikarn	50	0.0	2018	5	50--59
Trikarn	51	0.0	2019	5	50--59
Trikarn	52	0.0	2020	5	50--59
Trikarn	53	0.0	2021	5	50--59
Damien och Adrian	33	0.0	2004	3	30--39
Damien och Adrian	34	0.0	2005	3	30--39
Damien och Adrian	35	0.0	2006	3	30--39
Damien och Adrian	36	0.0	2007	3	30--39
Damien och Adrian	37	0.0	2008	3	30--39
Damien och Adrian	38	0.0	2009	3	30--39
Damien och Adrian	39	0.0	2010	3	30--39
Damien och Adrian	40	0.0	2011	4	40--49
Damien och Adrian	41	0.0	2012	4	40--49
Damien och Adrian	42	0.0	2013	4	40--49
Damien och Adrian	43	0.0	2014	4	40--49
Damien och Adrian	44	0.0	2015	4	40--49
Damien och Adrian	45	0.0	2016	4	40--49
Damien och Adrian	46	0.0	2017	4	40--49
Damien och Adrian	47	0.0	2018	4	40--49
Damien och Adrian	48	0.0	2019	4	40--49
Damien och Adrian	49	0.0	2020	4	40--49
Damien och Adrian	50	0.0	2021	5	50--59
BasseKatt	31	0.0	2004	3	30--39
BasseKatt	32	0.0	2005	3	30--39
BasseKatt	33	0.0	2006	3	30--39
BasseKatt	34	0.02362353083903359	2007	3	30--39
BasseKatt	35	-0.0027481265071408606	2008	3	30--39
BasseKatt	36	0.0060943669185816	2009	3	30--39
BasseKatt	37	-0.02696977125047433	2010	3	30--39
BasseKatt	38	0.0	2011	3	30--39
BasseKatt	39	0.0	2012	3	30--39
BasseKatt	40	0.0	2013	4	40--49
BasseKatt	41	0.0	2014	4	40--49
BasseKatt	42	0.0	2015	4	40--49
BasseKatt	43	0.0	2016	4	40--49
BasseKatt	44	0.0	2017	4	40--49
BasseKatt	45	0.0	2018	4	40--49
BasseKatt	46	0.0	2019	4	40--49
BasseKatt	47	0.0	2020	4	40--49
BasseKatt	48	0.0	2021	4	40--49
Daggdroppen	18	0.0	2004	1	<20
Daggdroppen	19	0.0	2005	1	<20
Daggdroppen	20	0.0	2006	2	20--29
Daggdroppen	21	0.003149804111871145	2007	2	20--29
Daggdroppen	22	0.019331400553244102	2008	2	20--29
Daggdroppen	23	0.00448856658535908	2009	2	20--29
Daggdroppen	24	-0.00998329827534981	2010	2	20--29
Daggdroppen	25	-0.008669373464882467	2011	2	20--29
Daggdroppen	26	-0.008317099510242051	2012	2	20--29
Daggdroppen	27	0.0	2013	2	20--29
Daggdroppen	28	0.0	2014	2	20--29
Daggdroppen	29	0.0	2015	2	20--29
Daggdroppen	30	0.0	2016	3	30--39
Daggdroppen	31	0.0	2017	3	30--39
Daggdroppen	32	0.0	2018	3	30--39
Daggdroppen	33	0.0	2019	3	30--39
Daggdroppen	34	0.0	2020	3	30--39
Daggdroppen	35	0.0	2021	3	30--39
Tettan	36	0.0	2004	3	30--39
Tettan	37	0.0	2005	3	30--39
Tettan	38	0.027710128590855383	2006	3	30--39
Tettan	39	0.09670713382805488	2007	3	30--39
Tettan	40	-0.04894464675745193	2008	4	40--49
Tettan	41	-0.04681723370782935	2009	4	40--49
Tettan	42	-0.021375464964289895	2010	4	40--49
Tettan	43	-0.0017351839825110451	2011	4	40--49
Tettan	44	0.0013413887598296434	2012	4	40--49
Tettan	45	0.002740492294028731	2013	4	40--49
Tettan	46	-0.009626614060686408	2014	4	40--49
Tettan	47	0.0	2015	4	40--49
Tettan	48	0.0	2016	4	40--49
Tettan	49	0.0	2017	4	40--49
Tettan	50	0.0	2018	5	50--59
Tettan	51	0.0	2019	5	50--59
Tettan	52	0.0	2020	5	50--59
Tettan	53	0.0	2021	5	50--59
lottizm	21	0.0	2004	2	20--29
lottizm	22	0.0	2005	2	20--29
lottizm	23	0.7908044390159498	2006	2	20--29
lottizm	24	-0.4018036311998633	2007	2	20--29
lottizm	25	0.12164369814867415	2008	2	20--29
lottizm	26	-0.34882587846191465	2009	2	20--29
lottizm	27	-0.06717970664143796	2010	2	20--29
lottizm	28	-0.06691525582726784	2011	2	20--29
lottizm	29	0.013593065565805886	2012	2	20--29
lottizm	30	-0.03650342356960285	2013	3	30--39
lottizm	31	-0.004813307030343204	2014	3	30--39
lottizm	32	0.0	2015	3	30--39
lottizm	33	0.0	2016	3	30--39
lottizm	34	0.0	2017	3	30--39
lottizm	35	0.0	2018	3	30--39
lottizm	36	0.0	2019	3	30--39
lottizm	37	0.0	2020	3	30--39
lottizm	38	0.02457123139782713	2021	3	30--39
Stella 78	27	0.0	2004	2	20--29
Stella 78	28	0.0	2005	2	20--29
Stella 78	29	0.0	2006	2	20--29
Stella 78	30	0.0	2007	3	30--39
Stella 78	31	0.0	2008	3	30--39
Stella 78	32	0.0	2009	3	30--39
Stella 78	33	0.0	2010	3	30--39
Stella 78	34	0.0	2011	3	30--39
Stella 78	35	0.0	2012	3	30--39
Stella 78	36	0.0	2013	3	30--39
Stella 78	37	0.0	2014	3	30--39
Stella 78	38	0.0	2015	3	30--39
Stella 78	39	0.0	2016	3	30--39
Stella 78	40	0.0	2017	4	40--49
Stella 78	41	0.0	2018	4	40--49
Stella 78	42	0.0	2019	4	40--49
Stella 78	43	0.0	2020	4	40--49
Stella 78	44	0.0	2021	4	40--49
Tina B	36	0.0	2004	3	30--39
Tina B	37	0.0	2005	3	30--39
Tina B	38	0.0	2006	3	30--39
Tina B	39	0.0	2007	3	30--39
Tina B	40	0.0	2008	4	40--49
Tina B	41	0.0	2009	4	40--49
Tina B	42	0.0	2010	4	40--49
Tina B	43	0.0	2011	4	40--49
Tina B	44	0.0	2012	4	40--49
Tina B	45	0.0	2013	4	40--49
Tina B	46	0.0	2014	4	40--49
Tina B	47	0.0	2015	4	40--49
Tina B	48	0.0	2016	4	40--49
Tina B	49	0.0	2017	4	40--49
Tina B	50	0.0	2018	5	50--59
Tina B	51	0.0	2019	5	50--59
Tina B	52	0.0	2020	5	50--59
Tina B	53	0.0	2021	5	50--59
Lillatroll	32	0.0	2004	3	30--39
Lillatroll	33	0.2194685035715659	2005	3	30--39
Lillatroll	34	0.539362710147243	2006	3	30--39
Lillatroll	35	0.24910610207995765	2007	3	30--39
Lillatroll	36	-0.2355473555187355	2008	3	30--39
Lillatroll	37	-0.42009732332071015	2009	3	30--39
Lillatroll	38	-0.15330823925071943	2010	3	30--39
Lillatroll	39	-0.06313843904131464	2011	3	30--39
Lillatroll	40	-0.12895983690062915	2012	4	40--49
Lillatroll	41	-0.006886121766657677	2013	4	40--49
Lillatroll	42	0.0	2014	4	40--49
Lillatroll	43	0.0	2015	4	40--49
Lillatroll	44	0.0	2016	4	40--49
Lillatroll	45	0.0	2017	4	40--49
Lillatroll	46	0.0	2018	4	40--49
Lillatroll	47	0.0	2019	4	40--49
Lillatroll	48	0.0	2020	4	40--49
Lillatroll	49	0.0	2021	4	40--49
Peztis	36	0.05183614780289636	2004	3	30--39
Peztis	37	-0.008803107886903049	2005	3	30--39
Peztis	38	-0.015322911325137929	2006	3	30--39
Peztis	39	-0.024560324478984236	2007	3	30--39
Peztis	40	6.17965545738901e-05	2008	4	40--49
Peztis	41	0.003530842146173547	2009	4	40--49
Peztis	42	-0.006742442812618582	2010	4	40--49
Peztis	43	0.0	2011	4	40--49
Peztis	44	0.0	2012	4	40--49
Peztis	45	0.0	2013	4	40--49
Peztis	46	0.0	2014	4	40--49
Peztis	47	0.0	2015	4	40--49
Peztis	48	0.0	2016	4	40--49
Peztis	49	0.0	2017	4	40--49
Peztis	50	0.0	2018	5	50--59
Peztis	51	0.0	2019	5	50--59
Peztis	52	0.0	2020	5	50--59
Peztis	53	0.0	2021	5	50--59
skruttis11	24	0.0	2004	2	20--29
skruttis11	25	0.34856762331954577	2005	2	20--29
skruttis11	26	-0.028835370348137546	2006	2	20--29
skruttis11	27	-0.24886166045430747	2007	2	20--29
skruttis11	28	0.1635762561333868	2008	2	20--29
skruttis11	29	-0.18893535966531214	2009	2	20--29
skruttis11	30	-0.03580493299938999	2010	3	30--39
skruttis11	31	-0.004161822978957405	2011	3	30--39
skruttis11	32	0.018556693176473835	2012	3	30--39
skruttis11	33	-0.02410142618330187	2013	3	30--39
skruttis11	34	0.0	2014	3	30--39
skruttis11	35	0.0	2015	3	30--39
skruttis11	36	0.0	2016	3	30--39
skruttis11	37	0.0	2017	3	30--39
skruttis11	38	0.0	2018	3	30--39
skruttis11	39	0.0	2019	3	30--39
skruttis11	40	0.0	2020	4	40--49
skruttis11	41	0.0	2021	4	40--49
Fiamedbarn	35	0.0	2004	3	30--39
Fiamedbarn	36	0.0	2005	3	30--39
Fiamedbarn	37	0.0	2006	3	30--39
Fiamedbarn	38	0.0	2007	3	30--39
Fiamedbarn	39	0.0	2008	3	30--39
Fiamedbarn	40	0.1921596201596296	2009	4	40--49
Fiamedbarn	41	-0.09994733829466793	2010	4	40--49
Fiamedbarn	42	-0.07835044934789158	2011	4	40--49
Fiamedbarn	43	0.048113263382849006	2012	4	40--49
Fiamedbarn	44	0.45304875634680364	2013	4	40--49
Fiamedbarn	45	-0.3201184625712944	2014	4	40--49
Fiamedbarn	46	-0.1949053896754284	2015	4	40--49
Fiamedbarn	47	0.0	2016	4	40--49
Fiamedbarn	48	0.0	2017	4	40--49
Fiamedbarn	49	0.0	2018	4	40--49
Fiamedbarn	50	0.0	2019	5	50--59
Fiamedbarn	51	0.0	2020	5	50--59
Fiamedbarn	52	0.0	2021	5	50--59
Tuttie	25	0.0	2004	2	20--29
Tuttie	26	0.22807511155476454	2005	2	20--29
Tuttie	27	0.6735698418246067	2006	2	20--29
Tuttie	28	-0.1567162809218453	2007	2	20--29
Tuttie	29	-0.2342841664927653	2008	2	20--29
Tuttie	30	-0.2342043506473988	2009	3	30--39
Tuttie	31	-0.21820081940264918	2010	3	30--39
Tuttie	32	-0.05823933591471263	2011	3	30--39
Tuttie	33	0.0	2012	3	30--39
Tuttie	34	0.0	2013	3	30--39
Tuttie	35	0.0	2014	3	30--39
Tuttie	36	0.0	2015	3	30--39
Tuttie	37	0.0	2016	3	30--39
Tuttie	38	0.0	2017	3	30--39
Tuttie	39	0.0	2018	3	30--39
Tuttie	40	0.0	2019	4	40--49
Tuttie	41	0.0	2020	4	40--49
Tuttie	42	0.0	2021	4	40--49
castillo	18	0.0	2004	1	<20
castillo	19	0.0	2005	1	<20
castillo	20	0.0	2006	2	20--29
castillo	21	0.0	2007	2	20--29
castillo	22	0.13167562732424645	2008	2	20--29
castillo	23	-0.05750875638544206	2009	2	20--29
castillo	24	0.07385810784442354	2010	2	20--29
castillo	25	0.3177325937903269	2011	2	20--29
castillo	26	-0.11456536247401333	2012	2	20--29
castillo	27	-0.15384662185547018	2013	2	20--29
castillo	28	0.0697469827926269	2014	2	20--29
castillo	29	-0.2558292631004723	2015	2	20--29
castillo	30	-0.011263307936225889	2016	3	30--39
castillo	31	0.032499008495874546	2017	3	30--39
castillo	32	-0.032499008495874546	2018	3	30--39
castillo	33	0.0	2019	3	30--39
castillo	34	0.0	2020	3	30--39
castillo	35	0.0	2021	3	30--39
Studentpappa	24	0.0	2004	2	20--29
Studentpappa	25	0.0	2005	2	20--29
Studentpappa	26	0.0	2006	2	20--29
Studentpappa	27	0.0	2007	2	20--29
Studentpappa	28	0.0	2008	2	20--29
Studentpappa	29	0.0	2009	2	20--29
Studentpappa	30	0.0	2010	3	30--39
Studentpappa	31	0.12198412615021674	2011	3	30--39
Studentpappa	32	-0.08411045643359952	2012	3	30--39
Studentpappa	33	0.08727231307230605	2013	3	30--39
Studentpappa	34	0.10585299756713998	2014	3	30--39
Studentpappa	35	0.354693032327683	2015	3	30--39
Studentpappa	36	1.1034349068584621	2016	3	30--39
Studentpappa	37	-0.8604022028974074	2017	3	30--39
Studentpappa	38	0.44508806330651796	2018	3	30--39
Studentpappa	39	0.3654632239658948	2019	3	30--39
Studentpappa	40	1.5269732375622058	2020	4	40--49
Studentpappa	41	0.29829438561420574	2021	4	40--49
mikroE	23	0.0	2004	2	20--29
mikroE	24	0.0	2005	2	20--29
mikroE	25	0.0	2006	2	20--29
mikroE	26	0.0	2007	2	20--29
mikroE	27	0.0	2008	2	20--29
mikroE	28	0.0	2009	2	20--29
mikroE	29	0.0024266389964463595	2010	2	20--29
mikroE	30	0.02252465953427979	2011	3	30--39
mikroE	31	0.01980849295254875	2012	3	30--39
mikroE	32	-0.039946484452931696	2013	3	30--39
mikroE	33	-0.004813307030343204	2014	3	30--39
mikroE	34	0.0	2015	3	30--39
mikroE	35	0.0	2016	3	30--39
mikroE	36	0.0	2017	3	30--39
mikroE	37	0.0	2018	3	30--39
mikroE	38	0.0	2019	3	30--39
mikroE	39	0.0	2020	3	30--39
mikroE	40	0.0	2021	4	40--49
CamillaJ	21	0.0	2004	2	20--29
CamillaJ	22	0.21516519957996655	2005	2	20--29
CamillaJ	23	0.4456147898942772	2006	2	20--29
CamillaJ	24	-0.26705447549035055	2007	2	20--29
CamillaJ	25	0.6195344962795152	2008	2	20--29
CamillaJ	26	-0.8834679861205007	2009	2	20--29
CamillaJ	27	1.935277761832944	2010	2	20--29
CamillaJ	28	-1.8183291671720043	2011	2	20--29
CamillaJ	29	-0.2467406188038475	2012	2	20--29
CamillaJ	30	0.0	2013	3	30--39
CamillaJ	31	0.0	2014	3	30--39
CamillaJ	32	0.0	2015	3	30--39
CamillaJ	33	0.0	2016	3	30--39
CamillaJ	34	0.0	2017	3	30--39
CamillaJ	35	0.0	2018	3	30--39
CamillaJ	36	0.0	2019	3	30--39
CamillaJ	37	0.0	2020	3	30--39
CamillaJ	38	0.0	2021	3	30--39
Annanym	36	0.0	2004	3	30--39
Annanym	37	0.0	2005	3	30--39
Annanym	38	0.010657741765713607	2006	3	30--39
Annanym	39	0.017690495241126702	2007	3	30--39
Annanym	40	0.0069793703240550765	2008	4	40--49
Annanym	41	-0.015100278893039637	2009	4	40--49
Annanym	42	-0.012947411448516669	2010	4	40--49
Annanym	43	0.012126648534559038	2011	4	40--49
Annanym	44	-0.019406565523898116	2012	4	40--49
Annanym	45	0.0	2013	4	40--49
Annanym	46	0.0	2014	4	40--49
Annanym	47	0.0	2015	4	40--49
Annanym	48	0.0	2016	4	40--49
Annanym	49	0.0	2017	4	40--49
Annanym	50	0.0	2018	5	50--59
Annanym	51	0.0	2019	5	50--59
Annanym	52	0.0	2020	5	50--59
Annanym	53	0.0	2021	5	50--59
LeaveMeAlone	22	0.0	2004	2	20--29
LeaveMeAlone	23	0.0	2005	2	20--29
LeaveMeAlone	24	0.0	2006	2	20--29
LeaveMeAlone	25	0.5968878791995821	2007	2	20--29
LeaveMeAlone	26	-0.22434220189195803	2008	2	20--29
LeaveMeAlone	27	-0.348947127463459	2009	2	20--29
LeaveMeAlone	28	0.005521118113191278	2010	2	20--29
LeaveMeAlone	29	-0.029119667957356314	2011	2	20--29
LeaveMeAlone	30	0.4407117930660913	2012	3	30--39
LeaveMeAlone	31	0.22352457712127072	2013	3	30--39
LeaveMeAlone	32	-0.5920491888260923	2014	3	30--39
LeaveMeAlone	33	0.28823867259795866	2015	3	30--39
LeaveMeAlone	34	-0.36042585395922844	2016	3	30--39
LeaveMeAlone	35	0.0	2017	3	30--39
LeaveMeAlone	36	0.0	2018	3	30--39
LeaveMeAlone	37	0.0	2019	3	30--39
LeaveMeAlone	38	0.0	2020	3	30--39
LeaveMeAlone	39	0.0	2021	3	30--39
cruz	36	0.0	2004	3	30--39
cruz	37	0.0	2005	3	30--39
cruz	38	0.0	2006	3	30--39
cruz	39	0.009449412335613435	2007	3	30--39
cruz	40	0.009820191663056777	2008	4	40--49
cruz	41	-0.005784718373433048	2009	4	40--49
cruz	42	0.008354865342780073	2010	4	40--49
cruz	43	-0.007977918450947153	2011	4	40--49
cruz	44	0.006796532782902943	2012	4	40--49
cruz	45	-0.020658365299973027	2013	4	40--49
cruz	46	0.0	2014	4	40--49
cruz	47	0.0	2015	4	40--49
cruz	48	0.0	2016	4	40--49
cruz	49	0.0	2017	4	40--49
cruz	50	0.0	2018	5	50--59
cruz	51	0.0	2019	5	50--59
cruz	52	0.0	2020	5	50--59
cruz	53	0.0	2021	5	50--59
Hedi	40	0.0	2004	4	40--49
Hedi	41	0.0	2005	4	40--49
Hedi	42	0.0	2006	4	40--49
Hedi	43	0.0	2007	4	40--49
Hedi	44	0.04817400999667553	2008	4	40--49
Hedi	45	0.007451143207427777	2009	4	40--49
Hedi	46	0.00018754371416296323	2010	4	40--49
Hedi	47	-0.05581269691826627	2011	4	40--49
Hedi	48	0.0	2012	4	40--49
Hedi	49	0.0	2013	4	40--49
Hedi	50	0.0	2014	5	50--59
Hedi	51	0.0	2015	5	50--59
Hedi	52	0.0	2016	5	50--59
Hedi	53	0.0	2017	5	50--59
Hedi	54	0.0	2018	5	50--59
Hedi	55	0.0	2019	5	50--59
Hedi	56	0.0	2020	5	50--59
Hedi	57	0.0	2021	5	50--59
LuMa	27	0.0	2004	2	20--29
LuMa	28	0.0	2005	2	20--29
LuMa	29	0.0	2006	2	20--29
LuMa	30	2.370227594183037	2007	3	30--39
LuMa	31	-1.0277785156090122	2008	3	30--39
LuMa	32	-0.4760451771525368	2009	3	30--39
LuMa	33	0.1018250581606095	2010	3	30--39
LuMa	34	-0.4830648214846444	2011	3	30--39
LuMa	35	-0.3818723115975877	2012	3	30--39
LuMa	36	-0.10329182649986515	2013	3	30--39
LuMa	37	0.0	2014	3	30--39
LuMa	38	0.0	2015	3	30--39
LuMa	39	0.0	2016	3	30--39
LuMa	40	0.0	2017	4	40--49
LuMa	41	0.0	2018	4	40--49
LuMa	42	0.0	2019	4	40--49
LuMa	43	0.0	2020	4	40--49
LuMa	44	0.0	2021	4	40--49
TantG	36	0.21771182077216472	2004	3	30--39
TantG	37	-0.1316457409401781	2005	3	30--39
TantG	38	-0.007198790765705926	2006	3	30--39
TantG	39	-0.07571748495440955	2007	3	30--39
TantG	40	-0.0015440037786486275	2008	4	40--49
TantG	41	-0.0016058003332225176	2009	4	40--49
TantG	42	0.0	2010	4	40--49
TantG	43	0.0	2011	4	40--49
TantG	44	0.0	2012	4	40--49
TantG	45	0.0	2013	4	40--49
TantG	46	0.0	2014	4	40--49
TantG	47	0.0	2015	4	40--49
TantG	48	0.0	2016	4	40--49
TantG	49	0.0	2017	4	40--49
TantG	50	0.0	2018	5	50--59
TantG	51	0.0	2019	5	50--59
TantG	52	0.0	2020	5	50--59
TantG	53	0.0	2021	5	50--59
allakantralla	30	0.0	2004	3	30--39
allakantralla	31	0.0	2005	3	30--39
allakantralla	32	0.0	2006	3	30--39
allakantralla	33	0.04724706167806718	2007	3	30--39
allakantralla	34	0.013773350984388484	2008	3	30--39
allakantralla	35	-0.022251366489898818	2009	3	30--39
allakantralla	36	-0.01935593420098597	2010	3	30--39
allakantralla	37	-0.011096012461328825	2011	3	30--39
allakantralla	38	-0.008317099510242051	2012	3	30--39
allakantralla	39	0.0	2013	3	30--39
allakantralla	40	0.0	2014	4	40--49
allakantralla	41	0.0	2015	4	40--49
allakantralla	42	0.0	2016	4	40--49
allakantralla	43	0.0	2017	4	40--49
allakantralla	44	0.0	2018	4	40--49
allakantralla	45	0.0	2019	4	40--49
allakantralla	46	0.0	2020	4	40--49
allakantralla	47	0.0	2021	4	40--49
NinaFina	36	0.09330506604521345	2004	3	30--39
NinaFina	37	-0.05457533012081947	2005	3	30--39
NinaFina	38	-0.0024934139209677117	2006	3	30--39
NinaFina	39	-0.02521200761187726	2007	3	30--39
NinaFina	40	-0.011024314391549009	2008	4	40--49
NinaFina	41	0.0016856107031546455	2009	4	40--49
NinaFina	42	-0.0016856107031546455	2010	4	40--49
NinaFina	43	0.0	2011	4	40--49
NinaFina	44	0.0	2012	4	40--49
NinaFina	45	0.0	2013	4	40--49
NinaFina	46	0.0	2014	4	40--49
NinaFina	47	0.0	2015	4	40--49
NinaFina	48	0.0	2016	4	40--49
NinaFina	49	0.0	2017	4	40--49
NinaFina	50	0.0	2018	5	50--59
NinaFina	51	0.0	2019	5	50--59
NinaFina	52	0.0	2020	5	50--59
NinaFina	53	0.0	2021	5	50--59
Jossan	36	0.25918073901448185	2004	3	30--39
Jossan	37	2.6326395433402685	2005	3	30--39
Jossan	38	-2.8918202823547503	2006	3	30--39
Jossan	39	0.0	2007	3	30--39
Jossan	40	0.0	2008	4	40--49
Jossan	41	0.0	2009	4	40--49
Jossan	42	0.0	2010	4	40--49
Jossan	43	0.0	2011	4	40--49
Jossan	44	0.0	2012	4	40--49
Jossan	45	0.0	2013	4	40--49
Jossan	46	0.007218718136126977	2014	4	40--49
Jossan	47	-0.007218718136126977	2015	4	40--49
Jossan	48	0.0	2016	4	40--49
Jossan	49	0.0	2017	4	40--49
Jossan	50	0.0	2018	5	50--59
Jossan	51	0.0	2019	5	50--59
Jossan	52	0.0	2020	5	50--59
Jossan	53	0.0	2021	5	50--59
Mirren	28	0.0	2004	2	20--29
Mirren	29	0.0	2005	2	20--29
Mirren	30	0.008526193412570887	2006	3	30--39
Mirren	31	0.004073023034913694	2007	3	30--39
Mirren	32	-0.0077818154478170275	2008	3	30--39
Mirren	33	0.0002394311097963838	2009	3	30--39
Mirren	34	-0.00020355411657121784	2010	3	30--39
Mirren	35	0.0006914550139353144	2011	3	30--39
Mirren	36	-0.002101672123499195	2012	3	30--39
Mirren	37	-0.0034430608833288384	2013	3	30--39
Mirren	38	0.0	2014	3	30--39
Mirren	39	0.0	2015	3	30--39
Mirren	40	0.0	2016	4	40--49
Mirren	41	0.0	2017	4	40--49
Mirren	42	0.0	2018	4	40--49
Mirren	43	0.0	2019	4	40--49
Mirren	44	0.0	2020	4	40--49
Mirren	45	0.0	2021	4	40--49
Diana	40	0.04146891824231709	2004	4	40--49
Diana	41	0.03168724961487154	2005	4	40--49
Diana	42	-0.036919845853762366	2006	4	40--49
Diana	43	-0.012612791164392678	2007	4	40--49
Diana	44	-0.02362353083903359	2008	4	40--49
Diana	45	0.003371221406309291	2009	4	40--49
Diana	46	-0.003371221406309291	2010	4	40--49
Diana	47	0.0	2011	4	40--49
Diana	48	0.0	2012	4	40--49
Diana	49	0.0	2013	4	40--49
Diana	50	0.0	2014	5	50--59
Diana	51	0.0	2015	5	50--59
Diana	52	0.0	2016	5	50--59
Diana	53	0.0	2017	5	50--59
Diana	54	0.0	2018	5	50--59
Diana	55	0.0	2019	5	50--59
Diana	56	0.0	2020	5	50--59
Diana	57	0.0	2021	5	50--59
Solkattan	30	0.0	2004	3	30--39
Solkattan	31	0.0	2005	3	30--39
Solkattan	32	0.004263096706285443	2006	3	30--39
Solkattan	33	-0.0011132925944142983	2007	3	30--39
Solkattan	34	0.07553441221603222	2008	3	30--39
Solkattan	35	-0.07025616281213012	2009	3	30--39
Solkattan	36	0.0061317804629049295	2010	3	30--39
Solkattan	37	0.015936197558876028	2011	3	30--39
Solkattan	38	-0.027052970654225347	2012	3	30--39
Solkattan	39	0.01099686020770077	2013	3	30--39
Solkattan	40	0.18768418672052573	2014	4	40--49
Solkattan	41	-0.1683341840028777	2015	4	40--49
Solkattan	42	0.013130268400828128	2016	4	40--49
Solkattan	43	-0.046920192209505794	2017	4	40--49
Solkattan	44	0.0	2018	4	40--49
Solkattan	45	0.0	2019	4	40--49
Solkattan	46	0.0	2020	4	40--49
Solkattan	47	0.0	2021	4	40--49
jazzy	19	0.0	2004	1	<20
jazzy	20	0.0	2005	2	20--29
jazzy	21	0.14281373966056235	2006	2	20--29
jazzy	22	0.43202551075592177	2007	2	20--29
jazzy	23	-0.06258894411850102	2008	2	20--29
jazzy	24	-0.3622309537172196	2009	2	20--29
jazzy	25	-0.028687402758445488	2010	2	20--29
jazzy	26	-0.12133194982231797	2011	2	20--29
jazzy	27	0.0	2012	2	20--29
jazzy	28	0.0	2013	2	20--29
jazzy	29	0.0	2014	2	20--29
jazzy	30	0.0	2015	3	30--39
jazzy	31	0.0	2016	3	30--39
jazzy	32	0.0	2017	3	30--39
jazzy	33	0.0	2018	3	30--39
jazzy	34	0.0	2019	3	30--39
jazzy	35	0.0	2020	3	30--39
jazzy	36	0.0	2021	3	30--39
Kryztina	28	0.0	2004	2	20--29
Kryztina	29	0.0817627758403873	2005	2	20--29
Kryztina	30	-0.0625788406621028	2006	3	30--39
Kryztina	31	-0.009734522842671059	2007	3	30--39
Kryztina	32	-0.003026211002723365	2008	3	30--39
Kryztina	33	-0.004737590629735425	2009	3	30--39
Kryztina	34	0.000741028293291714	2010	3	30--39
Kryztina	35	-0.0024266389964463595	2011	3	30--39
Kryztina	36	0.0	2012	3	30--39
Kryztina	37	0.0	2013	3	30--39
Kryztina	38	0.0	2014	3	30--39
Kryztina	39	0.0	2015	3	30--39
Kryztina	40	0.0	2016	4	40--49
Kryztina	41	0.0	2017	4	40--49
Kryztina	42	0.0	2018	4	40--49
Kryztina	43	0.0	2019	4	40--49
Kryztina	44	0.0	2020	4	40--49
Kryztina	45	0.0	2021	4	40--49
